FPR,TPR,Threshold
0.0,0.0,inf
0.0,0.00019124115509657678,212.4549768334064
0.0,0.04322050105182635,0.2533370972947969
0.00036832412523020257,0.04322050105182635,0.2489025764633517
0.00036832412523020257,0.048575253394530504,0.21237727765776226
0.0007366482504604051,0.048575253394530504,0.21200265423001574
0.0007366482504604051,0.051061388410786,0.19694279729229353
0.0011049723756906078,0.051061388410786,0.19624265772408991
0.0011049723756906078,0.05297379996175177,0.186896610653994
0.0014732965009208103,0.05297379996175177,0.18683341796110783
0.0014732965009208103,0.05641614075349015,0.17399562715262407
0.001841620626151013,0.05641614075349015,0.17363721692224
0.001841620626151013,0.05871103461464907,0.1620245971132307
0.0022099447513812156,0.05871103461464907,0.1610464551704852
0.0022099447513812156,0.05966724039013196,0.15765002198924066
0.002578268876611418,0.05966724039013196,0.15436066903487144
0.002578268876611418,0.06138841078600115,0.1511312770705027
0.0029465930018416206,0.06138841078600115,0.15107918555666144
0.0029465930018416206,0.0642570281124498,0.1440415325215472
0.0033149171270718232,0.0642570281124498,0.14400361386199734
0.0033149171270718232,0.06463951042264296,0.14232194539179122
0.003683241252302026,0.06463951042264296,0.1421207713011263
0.003683241252302026,0.06502199273283611,0.14086545264144967
0.004051565377532229,0.06502199273283611,0.1407049650931236
0.004051565377532229,0.06750812774909161,0.13660559577914583
0.004419889502762431,0.06750812774909161,0.13573168040629438
0.004419889502762431,0.0742015681774718,0.12607639648805263
0.004788213627992633,0.0742015681774718,0.12599044085199057
0.004788213627992633,0.07439280933256837,0.12592733194193598
0.005156537753222836,0.07439280933256837,0.1258421183188049
0.005156537753222836,0.07592273857334099,0.12398801964729476
0.0055248618784530384,0.07592273857334099,0.12261115200711174
0.0055248618784530384,0.07840887358959649,0.11949243893390094
0.005893186003683241,0.07840887358959649,0.11949009936254829
0.005893186003683241,0.08127749091604514,0.11612784728693441
0.006261510128913444,0.08127749091604514,0.11602778607128422
0.006261510128913444,0.0824249378466246,0.11453433695362622
0.0066298342541436465,0.0824249378466246,0.11451733503621589
0.0066298342541436465,0.08376362593230063,0.11317002827027094
0.006998158379373849,0.08376362593230063,0.11313373840946933
0.006998158379373849,0.0864410021036527,0.11110201694957371
0.007366482504604052,0.0864410021036527,0.11098457457560817
0.007366482504604052,0.08720596672403902,0.11007506493718437
0.0077348066298342545,0.08720596672403902,0.11005030957002276
0.0077348066298342545,0.08816217249952189,0.10928639640592558
0.00847145488029466,0.08816217249952189,0.10909974036687324
0.00847145488029466,0.09676802447886786,0.10280311076687611
0.008839779005524863,0.09676802447886786,0.1027850200216704
0.008839779005524863,0.0996366418053165,0.10006997005069868
0.009208103130755065,0.0996366418053165,0.09993363412515016
0.009208103130755065,0.10652132338879326,0.09613616889619975
0.009576427255985266,0.10652132338879326,0.09604137721169051
0.009576427255985266,0.11264104035188373,0.09345155164273114
0.009944751381215469,0.11264104035188373,0.09343810799788677
0.009944751381215469,0.11684834576400842,0.09201852678175487
0.010313075506445672,0.11684834576400842,0.09200593109659197
0.010313075506445672,0.12162937464142283,0.0902324064107909
0.010681399631675874,0.12162937464142283,0.09013034910714927
0.010681399631675874,0.12774909160451328,0.08809862762612668
0.011049723756906077,0.12774909160451328,0.08792173119164774
0.011049723756906077,0.1285140562248996,0.08752699316314905
0.01141804788213628,0.1285140562248996,0.0874512927906827
0.01141804788213628,0.13386880856760375,0.08565820389419314
0.011786372007366482,0.13386880856760375,0.08556078666878612
0.011786372007366482,0.14438707209791546,0.08255095361645268
0.012154696132596685,0.14438707209791546,0.0825211454856728
0.012154696132596685,0.1451520367183018,0.08224143414890789
0.012523020257826888,0.1451520367183018,0.08222665910919552
0.012523020257826888,0.14974182444061962,0.08052820671553672
0.01289134438305709,0.14974182444061962,0.08045783178182334
0.01289134438305709,0.153184165232358,0.07938103598796423
0.013259668508287293,0.153184165232358,0.07927149634442375
0.013259668508287293,0.15356664754255114,0.07920365883303296
0.013627992633517496,0.15356664754255114,0.07914790930828204
0.013627992633517496,0.1572002294893861,0.07816235782819182
0.013996316758747698,0.1572002294893861,0.07812304002165127
0.013996316758747698,0.18454771466819658,0.07065368160169572
0.014364640883977901,0.18454771466819658,0.07064864925127541
0.014364640883977901,0.18799005545993497,0.06997296307485049
0.014732965009208104,0.18799005545993497,0.0698700796330045
0.014732965009208104,0.19219736087205966,0.06920221965537454
0.015101289134438306,0.19219736087205966,0.06911133572611393
0.015101289134438306,0.1927710843373494,0.06903413015319958
0.015469613259668509,0.1927710843373494,0.06903053385806532
0.015469613259668509,0.19315356664754255,0.06896467221304045
0.01583793738489871,0.19315356664754255,0.0689482568476699
0.01583793738489871,0.2027156244023714,0.06757976908055924
0.016206261510128914,0.2027156244023714,0.06746736321907337
0.016206261510128914,0.2034805890227577,0.06726669886547137
0.016574585635359115,0.2034805890227577,0.06715879051289993
0.016574585635359115,0.20386307133295084,0.0671177237104413
0.01694290976058932,0.20386307133295084,0.06709623058067116
0.01694290976058932,0.20577548288391662,0.06662923645503004
0.01731123388581952,0.20577548288391662,0.06662818343651528
0.01731123388581952,0.2069229298144961,0.066525922131731
0.017679558011049725,0.2069229298144961,0.06652407301045658
0.017679558011049725,0.2082616179001721,0.06638988976626527
0.018047882136279926,0.2082616179001721,0.06634516392492815
0.018047882136279926,0.21438133486326258,0.06523351729595979
0.01841620626151013,0.21438133486326258,0.0652222456818336
0.01841620626151013,0.2166762287244215,0.06464992114734286
0.01878453038674033,0.2166762287244215,0.06455822270740214
0.01878453038674033,0.22987186842608529,0.06243056294838419
0.019152854511970532,0.22987186842608529,0.06237668270895055
0.019152854511970532,0.24612736660929432,0.06020463507548874
0.019521178637200737,0.24612736660929432,0.06016917366551211
0.019521178637200737,0.2507171543316122,0.059686431607809794
0.019889502762430938,0.2507171543316122,0.059658643852228965
0.019889502762430938,0.25301204819277107,0.05936127494972833
0.020257826887661142,0.25301204819277107,0.05930389368588302
0.020257826887661142,0.27156244023713905,0.05635692606312429
0.020626151012891343,0.27156244023713905,0.056345859531004856
0.020626151012891343,0.27959456875119526,0.05533793751410684
0.020994475138121547,0.27959456875119526,0.05532847591351239
0.020994475138121547,0.2799770510613884,0.05525884036929014
0.02136279926335175,0.2799770510613884,0.05525037552945907
0.02136279926335175,0.28112449799196787,0.05518728023477053
0.021731123388581953,0.28112449799196787,0.05516953336116678
0.021731123388581953,0.28208070376745076,0.055039175042939696
0.022099447513812154,0.28208070376745076,0.05501164212851532
0.022099447513812154,0.2826544272327405,0.05495541920764882
0.022467771639042358,0.2826544272327405,0.054913078446472224
0.022467771639042358,0.28361063300822337,0.05482444129746915
0.02283609576427256,0.28361063300822337,0.05481789811513428
0.02283609576427256,0.2878179384203481,0.054342613455267134
0.023204419889502764,0.2878179384203481,0.054338916524060955
0.023204419889502764,0.31420921782367567,0.05071509089148696
0.023572744014732964,0.31420921782367567,0.05070738241445835
0.023572744014732964,0.3193727290112832,0.050096928149471545
0.02394106813996317,0.3193727290112832,0.05007940444460938
0.02394106813996317,0.32510996366418055,0.04952410360563401
0.02430939226519337,0.32510996366418055,0.0495199950178033
0.02430939226519337,0.3373493975903614,0.048069896354571366
0.024677716390423574,0.3373493975903614,0.04798127535085646
0.024677716390423574,0.3404092560719067,0.0477223897536983
0.025046040515653775,0.3404092560719067,0.04770825382976385
0.025046040515653775,0.34404283801874164,0.0471325395473942
0.02541436464088398,0.34404283801874164,0.047100065354365284
0.02541436464088398,0.3448078026391279,0.04700544038224762
0.02578268876611418,0.3448078026391279,0.046967963416270034
0.02578268876611418,0.34863262574105947,0.04649003232463297
0.02615101289134438,0.34863262574105947,0.04648131240330765
0.02615101289134438,0.34958883151654235,0.046451160591721455
0.026519337016574586,0.34958883151654235,0.04644766668873692
0.026519337016574586,0.3557085484796328,0.045681716764890155
0.026887661141804787,0.3557085484796328,0.0456762264468652
0.026887661141804787,0.3654618473895582,0.04446471473119054
0.02725598526703499,0.3654618473895582,0.04445320259498923
0.02725598526703499,0.36622681200994456,0.04430607686228252
0.027624309392265192,0.36622681200994456,0.04427341764504378
0.027624309392265192,0.36775674125071717,0.044127884241016255
0.027992633517495397,0.36775674125071717,0.04410488651605235
0.027992633517495397,0.37215528781793844,0.043779543215307484
0.028360957642725598,0.37215528781793844,0.043746289248049595
0.028360957642725598,0.37311149359342133,0.04350253498096178
0.028729281767955802,0.37311149359342133,0.04347846948596711
0.028729281767955802,0.37368521705871105,0.043410997954400975
0.029097605893186003,0.37368521705871105,0.04339768397001715
0.029097605893186003,0.37521514629948366,0.043228900105203735
0.029465930018416207,0.37521514629948366,0.04322246547333883
0.029465930018416207,0.3755976286096768,0.043199795846671885
0.02983425414364641,0.3755976286096768,0.04318637110269764
0.02983425414364641,0.37999617517689804,0.04278444039047633
0.030202578268876613,0.37999617517689804,0.04278162088385779
0.030202578268876613,0.38209982788296043,0.0426455202330419
0.030570902394106814,0.38209982788296043,0.04259287618628015
0.030570902394106814,0.3832472748135399,0.04249048707395666
0.030939226519337018,0.3832472748135399,0.042472486617049346
0.030939226519337018,0.3843947217441193,0.04241867531241869
0.03130755064456722,0.3843947217441193,0.04240500669077766
0.03130755064456722,0.3855421686746988,0.04225578415675517
0.03167587476979742,0.3855421686746988,0.04223623969565483
0.03167587476979742,0.3993115318416523,0.04110452108858033
0.032044198895027624,0.3993115318416523,0.04109541335846472
0.032044198895027624,0.41327213616370245,0.039745098183093755
0.03241252302025783,0.41327213616370245,0.039727323330487195
0.03241252302025783,0.41575827117995795,0.039414682701859056
0.032780847145488026,0.41575827117995795,0.039404073122154125
0.032780847145488026,0.4159495123350545,0.039398960522388005
0.03314917127071823,0.4159495123350545,0.03939811895478276
0.03314917127071823,0.41805316504111684,0.039007370281288783
0.033517495395948435,0.41805316504111684,0.038980918767517886
0.033517495395948435,0.4214955058328552,0.03868641349969856
0.03388581952117864,0.4214955058328552,0.038639039566500964
0.03388581952117864,0.42455536431440044,0.03833043524370771
0.03425414364640884,0.42455536431440044,0.0383007189413935
0.03425414364640884,0.4253203289347868,0.03819400303311181
0.03462246777163904,0.4253203289347868,0.03816763492531239
0.03462246777163904,0.4289539108816217,0.03781484094745873
0.034990791896869246,0.4289539108816217,0.037771383831439284
0.034990791896869246,0.4304838401223943,0.03767001095060137
0.03535911602209945,0.4304838401223943,0.03766671500198866
0.03535911602209945,0.4454006502199273,0.036332414511300176
0.03572744014732965,0.4454006502199273,0.036328664483284215
0.03572744014732965,0.44616561484031364,0.036162015806876266
0.03609576427255985,0.44616561484031364,0.036156634110709324
0.03609576427255985,0.46681965959074395,0.034319099866345064
0.036464088397790057,0.46681965959074395,0.0342890662818527
0.036464088397790057,0.46777586536622684,0.03416015337479417
0.03683241252302026,0.46777586536622684,0.034140989778819096
0.03683241252302026,0.47179192962325495,0.03383149625029573
0.03720073664825046,0.47179192962325495,0.03382651283457193
0.03720073664825046,0.4759992350353796,0.03336881538015353
0.03793738489871087,0.4759992350353796,0.03336203299718585
0.03793738489871087,0.48422260470453243,0.032642748843735976
0.038305709023941065,0.48422260470453243,0.03263829682864006
0.038305709023941065,0.48479632816982215,0.03261520574816732
0.03867403314917127,0.48479632816982215,0.03260993811566867
0.03867403314917127,0.48728246318607765,0.03247834667355456
0.039042357274401474,0.48728246318607765,0.03246674235713008
0.039042357274401474,0.4911072862880092,0.032271307138333837
0.03941068139963168,0.4911072862880092,0.03222673541717605
0.03941068139963168,0.499330655957162,0.031491279073075855
0.039779005524861875,0.499330655957162,0.03149121442383582
0.039779005524861875,0.5021992732836106,0.03125961613729697
0.04014732965009208,0.5021992732836106,0.031256446727973675
0.04014732965009208,0.5090839548670874,0.030762674151189464
0.040515653775322284,0.5090839548670874,0.03073199254538457
0.040515653775322284,0.5096576783323771,0.03071464886186709
0.041252302025782686,0.5096576783323771,0.030638552859221315
0.041252302025782686,0.5100401606425703,0.030600433668525353
0.04162062615101289,0.5100401606425703,0.030577733927542303
0.04162062615101289,0.5117613310384395,0.030481621717384708
0.041988950276243095,0.5117613310384395,0.030448825632843228
0.041988950276243095,0.5132912602792121,0.030360969212868696
0.0423572744014733,0.5132912602792121,0.03035746233871102
0.0423572744014733,0.5178810480015299,0.0299600733547487
0.0427255985267035,0.5178810480015299,0.029959487578778293
0.0427255985267035,0.5211321476381717,0.029701100591252156
0.0430939226519337,0.5211321476381717,0.029699287458628876
0.0430939226519337,0.5222795945687512,0.029590272690917407
0.043462246777163906,0.5222795945687512,0.029584733749873676
0.043462246777163906,0.5238095238095238,0.029482109065689384
0.04383057090239411,0.5238095238095238,0.029453965891414007
0.04383057090239411,0.5257219353604896,0.029260281078144896
0.04419889502762431,0.5257219353604896,0.02925731507649412
0.04419889502762431,0.5280168292216485,0.029082438795190426
0.04456721915285451,0.5280168292216485,0.029060888965051657
0.04456721915285451,0.5282080703767451,0.029053444522326
0.044935543278084716,0.5282080703767451,0.0290471027511718
0.044935543278084716,0.5301204819277109,0.02897432214229963
0.045303867403314914,0.5301204819277109,0.028964208295375674
0.045303867403314914,0.5312679288582903,0.028879992037636068
0.04567219152854512,0.5312679288582903,0.028865879771489897
0.04567219152854512,0.5419774335436987,0.028217906193239217
0.04604051565377532,0.5419774335436987,0.02820517434340407
0.04604051565377532,0.5425511570089884,0.028147550773580214
0.04640883977900553,0.5425511570089884,0.028134362886006792
0.04640883977900553,0.5438898450946644,0.028068849037762657
0.046777163904235725,0.5438898450946644,0.028057688358949468
0.046777163904235725,0.5477146681965959,0.027800322420943213
0.04714548802946593,0.5477146681965959,0.027773260597177225
0.04714548802946593,0.5490533562822719,0.02761428083989766
0.04751381215469613,0.5490533562822719,0.027589630261136196
0.04751381215469613,0.5494358385924651,0.02758074604625841
0.04788213627992634,0.5494358385924651,0.027580592071861906
0.04788213627992634,0.551730732453624,0.02741784670743845
0.048250460405156535,0.551730732453624,0.02741382151603125
0.048250460405156535,0.5530694205393001,0.02732927393966482
0.04861878453038674,0.5530694205393001,0.02724992357363974
0.04861878453038674,0.5540256263147829,0.027175792029399282
0.048987108655616944,0.5540256263147829,0.02717517738262186
0.048987108655616944,0.5544081086249761,0.027159649619534435
0.04935543278084715,0.5544081086249761,0.027110117818939142
0.04935543278084715,0.5559380378657487,0.026934270312718535
0.049723756906077346,0.5559380378657487,0.026930471040510287
0.049723756906077346,0.556703002486135,0.026900410129013713
0.05009208103130755,0.556703002486135,0.026889304405515718
0.05009208103130755,0.5570854847963281,0.026841527135106444
0.050460405156537755,0.5570854847963281,0.02683697259171506
0.050460405156537755,0.5597628609676802,0.026640672676733833
0.05082872928176796,0.5597628609676802,0.026639905643449965
0.05082872928176796,0.5622489959839357,0.026397439596156452
0.05119705340699816,0.5622489959839357,0.026390549186776236
0.05119705340699816,0.5624402371390324,0.026371670548651555
0.05156537753222836,0.5624402371390324,0.0263433244132734
0.05156537753222836,0.5645438898450946,0.02619257147189218
0.051933701657458566,0.5645438898450946,0.026188835427007416
0.051933701657458566,0.5655000956205776,0.026105491318223747
0.05230202578268876,0.5655000956205776,0.02608231244193898
0.05230202578268876,0.5674125071715433,0.025892477012754836
0.05267034990791897,0.5674125071715433,0.02588570199702533
0.05267034990791897,0.5687511952572194,0.025785099059785686
0.053406998158379376,0.5687511952572194,0.025749555855682508
0.053406998158379376,0.5693249187225091,0.025717885984420052
0.053775322283609574,0.5693249187225091,0.02571556757140997
0.053775322283609574,0.5706636068081852,0.0256102639021311
0.05414364640883978,0.5706636068081852,0.02559470252092523
0.05414364640883978,0.5708548479632817,0.02557676592335696
0.05451197053406998,0.5708548479632817,0.02557052947960491
0.05451197053406998,0.5710460891183783,0.025564320101128208
0.055248618784530384,0.5710460891183783,0.02554911811956841
0.055248618784530384,0.5720022948938611,0.025508778856107955
0.05561694290976059,0.5720022948938611,0.02550405575503836
0.05561694290976059,0.5725760183591508,0.025498230715140423
0.056353591160221,0.5725760183591508,0.025438904553477262
0.056353591160221,0.5735322241346338,0.02540123518788838
0.056721915285451195,0.5735322241346338,0.025399493357012734
0.056721915285451195,0.5754446356855996,0.0253017126778079
0.0570902394106814,0.5754446356855996,0.025296201342377336
0.0570902394106814,0.5775482883916618,0.025159727069321947
0.057458563535911604,0.5775482883916618,0.025144893674810657
0.057458563535911604,0.5779307707018551,0.025139993713008606
0.0578268876611418,0.5779307707018551,0.025133700098766087
0.0578268876611418,0.5817555938037866,0.02491397628666081
0.058195211786372006,0.5817555938037866,0.02485147628338752
0.058195211786372006,0.5855804169057182,0.02460444417468144
0.05856353591160221,0.5855804169057182,0.024594522263454616
0.05856353591160221,0.5857716580608147,0.024583760966747956
0.058931860036832415,0.5857716580608147,0.024568818786901134
0.058931860036832415,0.5882577930770702,0.02444040042166666
0.05930018416206261,0.5882577930770702,0.024437756951390208
0.05930018416206261,0.5895964811627462,0.024357141476600383
0.05966850828729282,0.5895964811627462,0.02431988022814392
0.05966850828729282,0.5918913750239051,0.02407960932300395
0.06003683241252302,0.5918913750239051,0.024071754133117452
0.06003683241252302,0.5949512335054504,0.023898542479841026
0.060405156537753225,0.5949512335054504,0.02389197240273401
0.060405156537753225,0.5960986804360299,0.023836911228646958
0.06077348066298342,0.5960986804360299,0.0238358257075654
0.06077348066298342,0.5968636450564161,0.02381691697134621
0.06114180478821363,0.5968636450564161,0.02375142406048682
0.06114180478821363,0.6031746031746031,0.023243862685805743
0.06151012891344383,0.6031746031746031,0.02323696993340381
0.06151012891344383,0.6054694970357621,0.023050373507286167
0.061878453038674036,0.6054694970357621,0.022995405649613644
0.061878453038674036,0.6106330082233696,0.02258682084755919
0.062246777163904234,0.6106330082233696,0.02257764115388959
0.062246777163904234,0.6108242493784662,0.022559583314811768
0.06261510128913444,0.6108242493784662,0.02252282637736504
0.06261510128913444,0.6125454197743354,0.02243530854603156
0.06298342541436464,0.6125454197743354,0.02242595435944973
0.06298342541436464,0.6138841078600115,0.02229765073561571
0.06372007366482504,0.6138841078600115,0.02227711611212862
0.06372007366482504,0.6159877605660738,0.02220728185249177
0.06408839779005525,0.6159877605660738,0.022201394409309138
0.06408839779005525,0.6165614840313636,0.022186365570016724
0.06445672191528545,0.6165614840313636,0.022164289256127123
0.06445672191528545,0.6167527251864601,0.022155941372443956
0.06482504604051566,0.6167527251864601,0.022155547657219096
0.06482504604051566,0.617708930961943,0.022116173372751305
0.06519337016574586,0.617708930961943,0.022114546741298566
0.06519337016574586,0.6179001721170396,0.022101380319923026
0.06556169429097605,0.6179001721170396,0.022059924164441767
0.06556169429097605,0.6192388602027157,0.02195714041701736
0.06593001841620626,0.6192388602027157,0.021953865494749134
0.06593001841620626,0.6194301013578122,0.02192848609568513
0.06629834254143646,0.6194301013578122,0.021916998835945042
0.06629834254143646,0.6219162363740677,0.02173232052855527
0.06666666666666667,0.6219162363740677,0.021731741999008913
0.06666666666666667,0.6222987186842609,0.02170074768642939
0.06703499079189687,0.6222987186842609,0.021677064754462266
0.06703499079189687,0.6234461656148403,0.021600464734193157
0.06740331491712707,0.6234461656148403,0.021585483261666424
0.06740331491712707,0.627653471026965,0.02131599716846441
0.06777163904235728,0.627653471026965,0.02130168292464837
0.06777163904235728,0.6293746414228342,0.021170185869208717
0.06813996316758748,0.6293746414228342,0.021161992147363952
0.06813996316758748,0.6295658825779308,0.021150838261950043
0.06850828729281767,0.6295658825779308,0.02112930178246571
0.06850828729281767,0.6312870529738,0.02105293076439463
0.06887661141804788,0.6312870529738,0.02101883116294577
0.06887661141804788,0.6347293937655384,0.020819235576348512
0.06924493554327808,0.6347293937655384,0.020809353525528915
0.06924493554327808,0.6374067699368904,0.02063899696905006
0.06961325966850829,0.6374067699368904,0.020629874006065512
0.06961325966850829,0.6387454580225664,0.02049208124803368
0.06998158379373849,0.6387454580225664,0.020481271866919212
0.06998158379373849,0.6397016637980494,0.020426741990182327
0.0703499079189687,0.6397016637980494,0.02039939769671458
0.0703499079189687,0.6398929049531459,0.0203744151502869
0.0707182320441989,0.6398929049531459,0.020371997186279266
0.0707182320441989,0.6416140753490152,0.020255244954464947
0.07108655616942909,0.6416140753490152,0.020245290039765173
0.07108655616942909,0.6446739338305604,0.020003551358973068
0.0714548802946593,0.6446739338305604,0.020001396699061032
0.0714548802946593,0.6450564161407535,0.01996071912460223
0.0718232044198895,0.6450564161407535,0.019948538134630392
0.0718232044198895,0.6456301396060432,0.019916333130040296
0.0721915285451197,0.6456301396060432,0.019899692955252225
0.0721915285451197,0.647542551157009,0.01971659334450034
0.07255985267034991,0.647542551157009,0.01968847928019833
0.07255985267034991,0.6484987569324919,0.01963773784759196
0.07292817679558011,0.6484987569324919,0.0196287488992284
0.07292817679558011,0.6500286861732645,0.019582941015659088
0.07329650092081032,0.6500286861732645,0.019582817391473994
0.07329650092081032,0.6504111684834576,0.019570704617724994
0.07366482504604052,0.6504111684834576,0.019557068939069496
0.07366482504604052,0.6515586154140371,0.019491904964969834
0.07403314917127071,0.6515586154140371,0.019474685797659756
0.07403314917127071,0.6536622681200994,0.01938698531340448
0.07440147329650092,0.6536622681200994,0.01938399497860601
0.07440147329650092,0.6561484031363549,0.01924722811745444
0.07476979742173112,0.6561484031363549,0.019241859904906813
0.07476979742173112,0.6563396442914515,0.01923551893102692
0.07513812154696133,0.6563396442914515,0.019234834830134453
0.07513812154696133,0.6578695735322241,0.019115326996743967
0.07587476979742173,0.6578695735322241,0.01907482620907806
0.07587476979742173,0.6609294320137694,0.018879851306736292
0.07624309392265194,0.6609294320137694,0.018837363385211695
0.07624309392265194,0.662459361254542,0.018800358045378423
0.07661141804788213,0.662459361254542,0.018795473501038298
0.07661141804788213,0.6634155670300249,0.018736779588336874
0.07697974217311233,0.6634155670300249,0.01873433346912746
0.07697974217311233,0.6636068081851214,0.018680747628873548
0.07734806629834254,0.6636068081851214,0.018661983504609327
0.07734806629834254,0.663798049340218,0.018661154359029555
0.07845303867403315,0.663798049340218,0.018624320123264773
0.07845303867403315,0.6647542551157009,0.018583732084811816
0.07882136279926336,0.6647542551157009,0.01856015770442608
0.07882136279926336,0.6655192197360872,0.018515667813571893
0.07918968692449356,0.6655192197360872,0.018511968739872268
0.07918968692449356,0.6662841843564735,0.01846014520703994
0.07955801104972375,0.6662841843564735,0.018436607397758608
0.07955801104972375,0.6666666666666666,0.018427759010664194
0.07992633517495396,0.6666666666666666,0.01842388323509735
0.07992633517495396,0.6676228724421496,0.01833735870059415
0.08029465930018416,0.6676228724421496,0.018322982267720413
0.08029465930018416,0.6685790782176324,0.018215435185367442
0.08066298342541436,0.6685790782176324,0.018213173272906454
0.08066298342541436,0.6703002486135016,0.018139445101275537
0.08103130755064457,0.6703002486135016,0.018131913606396044
0.08103130755064457,0.6710652132338879,0.01809606245056939
0.08139963167587477,0.6710652132338879,0.01809258321405975
0.08139963167587477,0.6714476955440811,0.018075479891860598
0.08176795580110498,0.6714476955440811,0.018028255883682016
0.08176795580110498,0.6716389366991776,0.01802497629715893
0.08213627992633518,0.6716389366991776,0.01802437866468898
0.08213627992633518,0.6725951424746606,0.017965584198500657
0.08250460405156537,0.6725951424746606,0.017960762147916497
0.08250460405156537,0.6733601070950469,0.017920800321742442
0.08287292817679558,0.6733601070950469,0.017909106705543788
0.08287292817679558,0.6741250717154331,0.01783095187994155
0.08324125230202578,0.6741250717154331,0.0178291070639321
0.08324125230202578,0.6748900363358195,0.01780283933136778
0.08360957642725599,0.6748900363358195,0.017788405923838617
0.08360957642725599,0.6758462421113024,0.017754727232131746
0.08397790055248619,0.6758462421113024,0.0177546511097205
0.08397790055248619,0.6769936890418818,0.017643337929530375
0.0843462246777164,0.6769936890418818,0.017635311200257422
0.0843462246777164,0.6771849301969783,0.017622009970207114
0.08508287292817679,0.6771849301969783,0.017590174260633078
0.08508287292817679,0.6789061005928476,0.017468922024515554
0.085451197053407,0.6789061005928476,0.017441999048098414
0.085451197053407,0.6796710652132338,0.017391853243396607
0.0858195211786372,0.6796710652132338,0.01739070407949469
0.0858195211786372,0.6829221648498757,0.01723326457743857
0.0861878453038674,0.6829221648498757,0.01722527907768675
0.0861878453038674,0.6842608529355517,0.017137474116793873
0.08766114180478822,0.6842608529355517,0.01710871982570026
0.08766114180478822,0.685025817555938,0.017074724320561705
0.08802946593001841,0.685025817555938,0.017071549548102773
0.08802946593001841,0.6854082998661312,0.01701077341277201
0.08839779005524862,0.6854082998661312,0.017007265656113824
0.08839779005524862,0.6861732644865175,0.01695960306371933
0.08876611418047882,0.6861732644865175,0.016953233503662637
0.08876611418047882,0.6867469879518072,0.01692541763691247
0.08913443830570902,0.6867469879518072,0.016889041417409698
0.08913443830570902,0.6880856760374833,0.016822442017003406
0.08987108655616943,0.6880856760374833,0.016814877997715624
0.08987108655616943,0.6888506406578696,0.016784621477780287
0.09023941068139964,0.6888506406578696,0.016783525089455482
0.09023941068139964,0.689998087588449,0.016710748633661433
0.09060773480662983,0.689998087588449,0.016709233326755866
0.09060773480662983,0.6909542933639319,0.01666946574204689
0.09097605893186003,0.6909542933639319,0.016668468440257763
0.09097605893186003,0.6940141518454771,0.0164685340309217
0.09134438305709024,0.6940141518454771,0.01646020747242551
0.09134438305709024,0.6963090457066361,0.016348884364251873
0.09208103130755065,0.6963090457066361,0.01630774518681088
0.09208103130755065,0.6972652514821189,0.016241434816641462
0.09244935543278085,0.6972652514821189,0.016232691571082113
0.09244935543278085,0.6974564926372155,0.016221109428071697
0.09281767955801105,0.6974564926372155,0.016214960557205962
0.09281767955801105,0.6978389749474087,0.016172747193972117
0.09318600368324126,0.6978389749474087,0.0161634506272608
0.09318600368324126,0.6980302161025053,0.016150441591167044
0.09355432780847145,0.6980302161025053,0.016148682209616863
0.09355432780847145,0.6987951807228916,0.01610381994030284
0.09392265193370165,0.6987951807228916,0.01607917953064163
0.09392265193370165,0.6991776630330847,0.016056975451655253
0.09429097605893186,0.6991776630330847,0.016033416798525508
0.09429097605893186,0.699942627653471,0.015992080789760468
0.09465930018416206,0.699942627653471,0.01597779080412907
0.09465930018416206,0.7089309619430101,0.015534609513620136
0.09539594843462247,0.7089309619430101,0.015522010886548051
0.09539594843462247,0.7091222030981067,0.015521802446844
0.09576427255985268,0.7091222030981067,0.015515528059586173
0.09576427255985268,0.7117995792694588,0.015307929995000712
0.09613259668508287,0.7117995792694588,0.01529896546451036
0.09613259668508287,0.7123733027347485,0.015260840576551141
0.09650092081031307,0.7123733027347485,0.015239313056188983
0.09650092081031307,0.713520749665328,0.015171586904481746
0.09686924493554327,0.713520749665328,0.015164587246319666
0.09686924493554327,0.7137119908204246,0.015145445419682178
0.09723756906077348,0.7137119908204246,0.015128534383434703
0.09723756906077348,0.7139032319755211,0.015117651229511772
0.09760589318600368,0.7139032319755211,0.015105775962563453
0.09760589318600368,0.7152419200611971,0.015086880195354988
0.09834254143646409,0.7152419200611971,0.015071371108403234
0.09834254143646409,0.7186842608529356,0.01492663523760878
0.0987108655616943,0.7186842608529356,0.014906087215008175
0.0987108655616943,0.7188755020080321,0.014905081940058898
0.09907918968692449,0.7188755020080321,0.014902076690834983
0.09907918968692449,0.7192579843182253,0.014858702678699383
0.0998158379373849,0.7192579843182253,0.014837352808623167
0.0998158379373849,0.7194492254733219,0.0148144338340117
0.10092081031307551,0.7194492254733219,0.01478421294551166
0.10092081031307551,0.7205966724039014,0.014701186259120607
0.10128913443830571,0.7205966724039014,0.014680472468753302
0.10128913443830571,0.7227003251099636,0.01457966971057443
0.10165745856353592,0.7227003251099636,0.014551151664151394
0.10165745856353592,0.7238477720405432,0.014501489718304224
0.10202578268876611,0.7238477720405432,0.014494279814801907
0.10202578268876611,0.7263339070567987,0.014371049338613032
0.10239410681399631,0.7263339070567987,0.014366569027341874
0.10239410681399631,0.7278638362975712,0.014299928358980684
0.10276243093922652,0.7278638362975712,0.014295952730115889
0.10276243093922652,0.7280550774526678,0.014295867788746188
0.10313075506445672,0.7280550774526678,0.014292015260162787
0.10313075506445672,0.7282463186077643,0.01428270103617
0.10349907918968693,0.7282463186077643,0.014274370657349291
0.10349907918968693,0.7293937655383439,0.014231205215598628
0.10386740331491713,0.7293937655383439,0.014226251293621425
0.10386740331491713,0.7299674890036336,0.014199659289480018
0.10423572744014734,0.7299674890036336,0.014194158425829669
0.10423572744014734,0.7303499713138267,0.014171375540440853
0.10460405156537753,0.7303499713138267,0.014159538607932684
0.10460405156537753,0.7309236947791165,0.014145096796553134
0.10534069981583793,0.7309236947791165,0.014132891846375097
0.10534069981583793,0.7320711417096959,0.014087383302673636
0.10607734806629834,0.7320711417096959,0.01407772771687301
0.10607734806629834,0.7322623828647925,0.014061689986865652
0.10644567219152855,0.7322623828647925,0.014058435888289656
0.10644567219152855,0.734748517881048,0.0139356055149142
0.10681399631675875,0.734748517881048,0.01392764011173625
0.10681399631675875,0.7362784471218207,0.013788840447785895
0.10718232044198896,0.7362784471218207,0.01377364108970369
0.10718232044198896,0.7408682348441384,0.013510035883876654
0.10755064456721915,0.7408682348441384,0.013500273089496247
0.10755064456721915,0.741059475999235,0.013493142152716527
0.10791896869244935,0.741059475999235,0.013487072918125497
0.10791896869244935,0.7425894052400076,0.013446651574353222
0.10828729281767956,0.7425894052400076,0.013426313165878837
0.10828729281767956,0.7431631287052973,0.013396880729234171
0.10865561694290976,0.7431631287052973,0.01338968464962513
0.10865561694290976,0.7439280933256837,0.013324074300615945
0.10939226519337017,0.7439280933256837,0.013296345407412409
0.10939226519337017,0.7458405048766494,0.013172986394495986
0.10976058931860037,0.7458405048766494,0.013169528509511516
0.10976058931860037,0.746031746031746,0.013168324706820507
0.11012891344383056,0.746031746031746,0.013165536148457986
0.11012891344383056,0.7464142283419392,0.013147560804287606
0.11086556169429097,0.7464142283419392,0.013116675458164221
0.11086556169429097,0.7466054694970358,0.013096315748931277
0.11123388581952118,0.7466054694970358,0.013094384512783323
0.11123388581952118,0.7467967106521324,0.013092194860010481
0.11160220994475138,0.7467967106521324,0.013086931898621021
0.11160220994475138,0.7483266398929049,0.013038315076343503
0.11197053406998159,0.7483266398929049,0.01303430050616091
0.11197053406998159,0.7490916045132913,0.01300452030404834
0.11233885819521179,0.7490916045132913,0.013004459450391189
0.11233885819521179,0.7494740868234844,0.012980507807153936
0.112707182320442,0.7494740868234844,0.012977429062139067
0.112707182320442,0.7502390514438707,0.01295614586767755
0.11307550644567219,0.7502390514438707,0.012948107814782768
0.11307550644567219,0.7504302925989673,0.012946198059646754
0.1138121546961326,0.7504302925989673,0.012911579106540953
0.1138121546961326,0.7525339453050296,0.012872418994096257
0.114548802946593,0.7525339453050296,0.012850676312006204
0.114548802946593,0.7540638745458023,0.012807771259377806
0.11491712707182321,0.7540638745458023,0.012807212461358956
0.11491712707182321,0.7550200803212851,0.012768198391319424
0.11528545119705341,0.7550200803212851,0.012759977215643857
0.11528545119705341,0.7552113214763817,0.012755177972246646
0.1156537753222836,0.7552113214763817,0.01275430319176141
0.1156537753222836,0.7555938037865749,0.01273245662764619
0.11602209944751381,0.7555938037865749,0.012706483397893008
0.11602209944751381,0.7569324918722509,0.012615932798944053
0.11639042357274401,0.7569324918722509,0.012615142207541358
0.11639042357274401,0.7573149741824441,0.012610644653934862
0.11712707182320442,0.7573149741824441,0.012606366918979539
0.11712707182320442,0.7588449034232166,0.01254507300125554
0.11749539594843462,0.7588449034232166,0.012541170738726772
0.11749539594843462,0.7603748326639893,0.01245555284278119
0.11786372007366483,0.7603748326639893,0.012437666874541613
0.11786372007366483,0.7611397972843756,0.012427469156405406
0.11823204419889503,0.7611397972843756,0.012408865369360034
0.11823204419889503,0.7624784853700516,0.012360938784115339
0.11896869244935543,0.7624784853700516,0.012343927985025939
0.11896869244935543,0.7628609676802448,0.012327285789903848
0.11970534069981584,0.7628609676802448,0.012312108913710049
0.11970534069981584,0.7632434499904379,0.01230401587947382
0.12007366482504604,0.7632434499904379,0.012299518431028764
0.12007366482504604,0.7636259323006311,0.012292979605731448
0.12044198895027625,0.7636259323006311,0.01228958398283486
0.12044198895027625,0.7641996557659209,0.012278949511074843
0.12081031307550645,0.7641996557659209,0.012273210844883947
0.12081031307550645,0.7649646203863071,0.012199554726547495
0.12117863720073664,0.7649646203863071,0.012199372799957692
0.12117863720073664,0.7657295850066934,0.012164501020080855
0.12154696132596685,0.7657295850066934,0.012156327165506402
0.12154696132596685,0.7663033084719831,0.012122272322933522
0.12191528545119705,0.7663033084719831,0.012118663952348582
0.12191528545119705,0.7666857907821764,0.01209504320711217
0.12228360957642725,0.7666857907821764,0.012092919941847786
0.12228360957642725,0.7678332377127558,0.012055471218056758
0.12265193370165746,0.7678332377127558,0.012052747318174893
0.12265193370165746,0.7685982023331421,0.011999378689087433
0.12338858195211787,0.7685982023331421,0.011984511424237988
0.12338858195211787,0.7689806846433352,0.01196505041528437
0.12375690607734807,0.7689806846433352,0.011960135906019981
0.12375690607734807,0.7691719257984319,0.01194681697569598
0.12486187845303867,0.7691719257984319,0.011895095100966186
0.12486187845303867,0.769554408108625,0.011884335933935994
0.12559852670349908,0.769554408108625,0.011861615697979052
0.12559852670349908,0.7714668196595907,0.011708438946979177
0.12670349907918968,0.7714668196595907,0.011695348501046065
0.12670349907918968,0.7722317842799771,0.01167501628525819
0.1270718232044199,0.7722317842799771,0.011666140324634052
0.1270718232044199,0.7733792312105565,0.011558780071092692
0.1274401473296501,0.7733792312105565,0.011558062308093814
0.1274401473296501,0.7739529546758462,0.011548243417648435
0.1278084714548803,0.7739529546758462,0.011545911257579597
0.1278084714548803,0.7743354369860393,0.011530930422799656
0.1281767955801105,0.7743354369860393,0.011511864583351497
0.1281767955801105,0.7747179192962326,0.011492040474000728
0.1285451197053407,0.7747179192962326,0.011490305655832523
0.1285451197053407,0.7751004016064257,0.011475591943594614
0.1289134438305709,0.7751004016064257,0.011472373239224077
0.1289134438305709,0.7766303308471983,0.011407131223946364
0.1292817679558011,0.7766303308471983,0.011392552371892605
0.1292817679558011,0.7775865366226812,0.011317580986390664
0.12965009208103132,0.7775865366226812,0.011305163934724284
0.12965009208103132,0.7783515012430675,0.011267922503757364
0.1300184162062615,0.7783515012430675,0.011260342013529793
0.1300184162062615,0.7789252247083572,0.011236483361968969
0.13038674033149172,0.7789252247083572,0.011231133976737081
0.13038674033149172,0.7796901893287436,0.011213010143279845
0.13075506445672191,0.7796901893287436,0.011196441381659282
0.13075506445672191,0.7816026008797093,0.01111741736895206
0.1311233885819521,0.7816026008797093,0.011116988164135885
0.1311233885819521,0.7821763243449991,0.011111626771647742
0.13149171270718232,0.7821763243449991,0.011108185216016662
0.13149171270718232,0.7829412889653854,0.011072944421245411
0.1318600368324125,0.7829412889653854,0.011072591318834066
0.1318600368324125,0.7838974947408682,0.011035668638625198
0.13222836095764273,0.7838974947408682,0.011025080394214189
0.13222836095764273,0.7848537005163512,0.011012959553381198
0.13296500920810314,0.7848537005163512,0.010977546788404173
0.13296500920810314,0.7850449416714477,0.010968842960997944
0.13333333333333333,0.7850449416714477,0.010960881199070108
0.13333333333333333,0.7854274239816409,0.010954523456190399
0.13370165745856355,0.7854274239816409,0.010952955431047746
0.13370165745856355,0.785809906291834,0.010948893073728018
0.13443830570902393,0.785809906291834,0.010922660286659235
0.13443830570902393,0.7863836297571237,0.01090769835156367
0.13480662983425415,0.7863836297571237,0.01090342747255356
0.13480662983425415,0.7869573532224134,0.010895025277068203
0.13517495395948434,0.7869573532224134,0.010882535290707644
0.13517495395948434,0.7881048001529929,0.010847061054129158
0.13554327808471456,0.7881048001529929,0.010845284014611635
0.13554327808471456,0.7884872824631861,0.010822072441509968
0.13627992633517497,0.7884872824631861,0.010797165981717448
0.13627992633517497,0.7888697647733792,0.010782123311793375
0.13664825046040516,0.7888697647733792,0.010782100779791495
0.13664825046040516,0.7892522470835723,0.010753908947168189
0.13701657458563535,0.7892522470835723,0.010737372970185333
0.13701657458563535,0.7903996940141519,0.01068271656208063
0.13738489871086557,0.7903996940141519,0.010682398951188662
0.13738489871086557,0.7915471409447313,0.010642651030153908
0.13848987108655617,0.7915471409447313,0.010618322307022629
0.13848987108655617,0.7925033467202142,0.01057703082109214
0.13885819521178638,0.7925033467202142,0.010559505143254757
0.13885819521178638,0.7926945878753108,0.010541797805128096
0.13959484346224676,0.7926945878753108,0.010524318984067142
0.13959484346224676,0.7928858290304074,0.010522598301511967
0.14033149171270717,0.7928858290304074,0.01049470618426465
0.14033149171270717,0.7934595524956971,0.010467115990771237
0.1406998158379374,0.7934595524956971,0.010463647005867818
0.1406998158379374,0.797093134442532,0.01032773485830687
0.14106813996316758,0.797093134442532,0.01031918571158861
0.14106813996316758,0.7976668579078218,0.010262861446119605
0.1429097605893186,0.7976668579078218,0.010237256462448148
0.1429097605893186,0.7986230636833046,0.010214357490577254
0.1432780847145488,0.7986230636833046,0.010206632753509652
0.1432780847145488,0.8009179575444636,0.010122002440106685
0.1443830570902394,0.8009179575444636,0.010064921886712092
0.1443830570902394,0.8016829221648498,0.010034444029000455
0.14475138121546963,0.8016829221648498,0.010032483954212643
0.14475138121546963,0.8018741633199464,0.010025390737868074
0.14548802946593,0.8018741633199464,0.0100178955759574
0.14548802946593,0.802065404475043,0.010004252694692357
0.14622467771639042,0.802065404475043,0.009967950904688343
0.14622467771639042,0.8039778160260088,0.009897338228630079
0.14659300184162063,0.8039778160260088,0.009893112847688259
0.14659300184162063,0.8045515394912985,0.009864679156996414
0.14696132596685083,0.8045515394912985,0.0098589630811879
0.14696132596685083,0.8055077452667814,0.009825780338586736
0.14732965009208104,0.8055077452667814,0.00982301527252578
0.14732965009208104,0.8062727098871677,0.00980124227667937
0.14769797421731123,0.8062727098871677,0.009800388789371943
0.14769797421731123,0.8093325683687129,0.009690848871712858
0.14843462246777164,0.8093325683687129,0.009669679200727605
0.14843462246777164,0.8095238095238095,0.009656500402924978
0.14880294659300183,0.8095238095238095,0.009628459996034643
0.14880294659300183,0.8102887741441959,0.009571354748164215
0.14990791896869246,0.8102887741441959,0.009559050530941061
0.14990791896869246,0.810671256454389,0.00953229266318595
0.15027624309392265,0.810671256454389,0.009531554725836505
0.15027624309392265,0.8110537387645821,0.009516931648432682
0.15064456721915284,0.8110537387645821,0.009513301966157128
0.15064456721915284,0.812009944540065,0.009490937039907412
0.15211786372007366,0.812009944540065,0.00946004267353009
0.15211786372007366,0.8122011856951616,0.009459052022640179
0.15248618784530388,0.8122011856951616,0.009444702938184692
0.15248618784530388,0.8127749091604514,0.009434731214164403
0.15285451197053407,0.8127749091604514,0.009433976260664235
0.15285451197053407,0.8141135972461274,0.009390367990617711
0.15322283609576426,0.8141135972461274,0.0093822721979754
0.15322283609576426,0.8152610441767069,0.009327371154055325
0.15359116022099448,0.8152610441767069,0.009315795360915346
0.15359116022099448,0.8158347676419966,0.009288993381227635
0.15395948434622467,0.8158347676419966,0.009263101886728397
0.15395948434622467,0.8162172499521897,0.00924636337789135
0.15469613259668508,0.8162172499521897,0.009235759160835903
0.15469613259668508,0.8164084911072863,0.009233809860732727
0.1550644567219153,0.8164084911072863,0.009231530610375738
0.1550644567219153,0.8185121438133486,0.009173057930946126
0.1558011049723757,0.8185121438133486,0.009162752528901747
0.1558011049723757,0.8192771084337349,0.009132451983929042
0.15653775322283608,0.8192771084337349,0.009110933064997264
0.15653775322283608,0.8194683495888315,0.009105284732176295
0.1572744014732965,0.8194683495888315,0.009096358141569318
0.1572744014732965,0.8202333142092179,0.00907799771477698
0.1580110497237569,0.8202333142092179,0.00907434092480797
0.1580110497237569,0.8208070376745076,0.009047936880534244
0.15837937384898712,0.8208070376745076,0.009038197037377746
0.15837937384898712,0.8215720022948939,0.009002323741511366
0.1587476979742173,0.8215720022948939,0.008996682407168487
0.1587476979742173,0.821954484605087,0.008973591207491622
0.1591160220994475,0.821954484605087,0.008968584559639795
0.1591160220994475,0.8234844138458596,0.008939123352721208
0.15948434622467772,0.8234844138458596,0.008937600264828226
0.15948434622467772,0.8244406196213425,0.008904400299357884
0.1598526703499079,0.8244406196213425,0.008904186219365302
0.1598526703499079,0.8246318607764391,0.008903777265443153
0.16022099447513813,0.8246318607764391,0.008897370192218902
0.16022099447513813,0.8252055842417289,0.008858435399613413
0.16132596685082873,0.8252055842417289,0.008830787248849198
0.16132596685082873,0.8263530311723083,0.008787316730064495
0.16169429097605892,0.8263530311723083,0.008774595455717085
0.16169429097605892,0.8265442723274049,0.00877264732854332
0.16243093922651933,0.8265442723274049,0.008767242017315451
0.16243093922651933,0.8267355134825014,0.008766889325493363
0.16279926335174955,0.8267355134825014,0.008763952402358943
0.16279926335174955,0.8271179957926946,0.008733775620557735
0.16316758747697974,0.8271179957926946,0.008714069536705714
0.16316758747697974,0.8273092369477911,0.008712263937622613
0.16353591160220995,0.8273092369477911,0.008711487397596557
0.16353591160220995,0.8290304073436604,0.00865471171667338
0.16390423572744015,0.8290304073436604,0.008645649825759882
0.16390423572744015,0.8297953719640466,0.008622492122276339
0.16427255985267036,0.8297953719640466,0.00861469712415331
0.16427255985267036,0.8299866131191432,0.008613238768540067
0.16464088397790055,0.8299866131191432,0.008612233408989147
0.16464088397790055,0.8309428188946262,0.00857030778283613
0.16500920810313074,0.8309428188946262,0.008560159330710103
0.16500920810313074,0.8313253012048193,0.008551418931455702
0.16611418047882137,0.8313253012048193,0.008529548672469502
0.16611418047882137,0.8320902658252056,0.008489874784582381
0.16648250460405156,0.8320902658252056,0.008484745622013663
0.16648250460405156,0.8322815069803021,0.008476372175929328
0.16685082872928178,0.8322815069803021,0.008474573759446548
0.16685082872928178,0.8332377127557851,0.008445789551038026
0.16721915285451197,0.8332377127557851,0.008443906352660282
0.16721915285451197,0.8340026773761714,0.008427617291147585
0.1686924493554328,0.8340026773761714,0.008363527063675009
0.1686924493554328,0.8359150889271372,0.008288911598714121
0.16906077348066298,0.8359150889271372,0.008281466561313955
0.16906077348066298,0.8364888123924269,0.008255146988162224
0.1694290976058932,0.8364888123924269,0.008251760353811638
0.1694290976058932,0.8376362593230063,0.008234725240721224
0.17016574585635358,0.8376362593230063,0.00823089142646563
0.17016574585635358,0.8378275004781028,0.008226776914555034
0.1712707182320442,0.8378275004781028,0.00822036624943548
0.1712707182320442,0.8382099827882961,0.008203953041890288
0.1716390423572744,0.8382099827882961,0.008200985565250596
0.1716390423572744,0.8387837062535858,0.008181610014721218
0.17200736648250461,0.8387837062535858,0.008177747934710038
0.17200736648250461,0.8389749474086824,0.008173692810858387
0.1723756906077348,0.8389749474086824,0.008171031797113289
0.1723756906077348,0.8391661885637789,0.008145490376184962
0.172744014732965,0.8391661885637789,0.008140343950937512
0.172744014732965,0.8403136354943583,0.008120973209667261
0.17384898710865562,0.8403136354943583,0.008084824088494877
0.17384898710865562,0.8408873589596482,0.008068810412453237
0.1742173112338858,0.8408873589596482,0.008065587319377204
0.1742173112338858,0.8410786001147447,0.008061025346092104
0.17458563535911603,0.8410786001147447,0.008056573611167126
0.17458563535911603,0.8414610824249379,0.008049801077937442
0.17495395948434622,0.8414610824249379,0.008044905947773948
0.17495395948434622,0.8416523235800344,0.008044504621308502
0.17569060773480663,0.8416523235800344,0.008032150048701161
0.17569060773480663,0.841843564735131,0.00803113397339657
0.17642725598526704,0.841843564735131,0.008023877212843679
0.17642725598526704,0.8427997705106138,0.007984609018335415
0.17679558011049723,0.8427997705106138,0.007976179034538993
0.17679558011049723,0.843182252820807,0.007964009472940936
0.17716390423572745,0.843182252820807,0.007958056337223475
0.17716390423572745,0.8441384585962899,0.007919405761335343
0.17790055248618786,0.8441384585962899,0.007917742562587933
0.17790055248618786,0.8447121820615796,0.007883743385176448
0.17826887661141805,0.8447121820615796,0.007875644519259865
0.17826887661141805,0.8452859055268693,0.00786303111420549
0.17863720073664824,0.8452859055268693,0.007830341276119023
0.17863720073664824,0.8456683878370626,0.00782732481360131
0.17974217311233887,0.8456683878370626,0.007823919634547677
0.17974217311233887,0.8462421113023523,0.007799384185869889
0.18047882136279927,0.8462421113023523,0.007779217929166134
0.18047882136279927,0.8466245936125454,0.007762207404133527
0.18084714548802946,0.8466245936125454,0.007747320290653779
0.18084714548802946,0.846815834767642,0.007747064957114691
0.18121546961325966,0.846815834767642,0.007736587658863653
0.18121546961325966,0.8473895582329317,0.007723674543007677
0.18158379373848987,0.8473895582329317,0.007715677042267535
0.18158379373848987,0.8475807993880283,0.007708013291986
0.18232044198895028,0.8475807993880283,0.007679702237490034
0.18232044198895028,0.8483457640084147,0.00764500658435098
0.18342541436464088,0.8483457640084147,0.007628087242735078
0.18342541436464088,0.8485370051635112,0.0076268954993724035
0.1837937384898711,0.8485370051635112,0.007593827852994153
0.1837937384898711,0.8489194874737044,0.007582819357229818
0.1848987108655617,0.8489194874737044,0.007565102107040107
0.1848987108655617,0.8491107286288009,0.00755729854610892
0.1852670349907919,0.8491107286288009,0.007549600622052183
0.1852670349907919,0.8493019697838975,0.007546444450187598
0.1856353591160221,0.8493019697838975,0.00754489120454206
0.1856353591160221,0.8504494167144769,0.00749550067075652
0.1860036832412523,0.8504494167144769,0.007482648262489142
0.1860036832412523,0.8510231401797667,0.0074701833441788434
0.1867403314917127,0.8510231401797667,0.0074473349554138694
0.1867403314917127,0.8512143813348633,0.007444203510801461
0.1871086556169429,0.8512143813348633,0.0074385835021911545
0.1871086556169429,0.8521705871103461,0.007392425087494419
0.18747697974217312,0.8521705871103461,0.007363839725961613
0.18747697974217312,0.8523618282654427,0.00735137090164079
0.18821362799263353,0.8523618282654427,0.007340556808670119
0.18821362799263353,0.8533180340409257,0.007282003950979201
0.18858195211786372,0.8533180340409257,0.007280990560684059
0.18858195211786372,0.8537005163511188,0.007273721781925293
0.18931860036832412,0.8537005163511188,0.007270590983807131
0.18931860036832412,0.8546567221266016,0.007253018542242671
0.19005524861878453,0.8546567221266016,0.007243634913842419
0.19005524861878453,0.8550392044367948,0.007236880804626523
0.19042357274401472,0.8550392044367948,0.007233524365492849
0.19042357274401472,0.8552304455918913,0.007227951817440047
0.19079189686924494,0.8552304455918913,0.007222623849302146
0.19079189686924494,0.8554216867469879,0.007222572481081412
0.19116022099447513,0.8554216867469879,0.0072170807143888205
0.19116022099447513,0.8561866513673743,0.007199419707307027
0.19189686924493554,0.8561866513673743,0.007196148034008646
0.19189686924493554,0.8573340982979537,0.00716754507432115
0.19226519337016573,0.8573340982979537,0.007160550301989092
0.19226519337016573,0.8577165806081469,0.007148256002459148
0.19263351749539595,0.8577165806081469,0.007135908183422097
0.19263351749539595,0.8579078217632434,0.007135301733911251
0.19300184162062614,0.8579078217632434,0.0071331699682983035
0.19300184162062614,0.8584815452285331,0.0071085806148608365
0.19337016574585636,0.8584815452285331,0.007106610684061065
0.19337016574585636,0.8590552686938229,0.007088520655380031
0.19373848987108655,0.8590552686938229,0.007086971381977654
0.19373848987108655,0.8592465098489195,0.007086456904503941
0.19410681399631677,0.8592465098489195,0.007086448780285899
0.19410681399631677,0.8598202333142092,0.007075855606248422
0.19447513812154696,0.8598202333142092,0.007060922139809554
0.19447513812154696,0.8603939567794989,0.007048660978040577
0.19484346224677718,0.8603939567794989,0.007043737149252492
0.19484346224677718,0.8607764390896921,0.007027408013070852
0.19521178637200737,0.8607764390896921,0.007003100025994708
0.19521178637200737,0.861732644865175,0.006972856334226267
0.19558011049723756,0.861732644865175,0.006972447523604137
0.19558011049723756,0.8623063683304647,0.006960267854904923
0.19594843462246778,0.8623063683304647,0.006959468524354081
0.19594843462246778,0.8624976094855613,0.006956944908013453
0.19631675874769797,0.8624976094855613,0.006951523070080472
0.19631675874769797,0.8626888506406579,0.006951161802834848
0.19668508287292819,0.8626888506406579,0.006950292363966766
0.19668508287292819,0.8628800917957544,0.006950254423246308
0.19779005524861878,0.8628800917957544,0.006917843703763038
0.19779005524861878,0.8636450564161408,0.006903277441072907
0.19815837937384898,0.8636450564161408,0.0068953449325777245
0.19815837937384898,0.8640275387263339,0.006893394987351465
0.19889502762430938,0.8640275387263339,0.006893067121207368
0.19889502762430938,0.8642187798814305,0.006885674222973196
0.1992633517495396,0.8642187798814305,0.006880256925768522
0.1992633517495396,0.8644100210365271,0.006879882956696851
0.2,0.8644100210365271,0.006864725071592633
0.2,0.8647925033467202,0.0068514767290553755
0.2003683241252302,0.8647925033467202,0.006851015468452403
0.2003683241252302,0.8655574679671065,0.006828209820938309
0.2007366482504604,0.8655574679671065,0.006817585801848028
0.2007366482504604,0.8657487091222031,0.006805426228186548
0.2011049723756906,0.8657487091222031,0.006798062203663894
0.2011049723756906,0.8661311914323963,0.006780933106761367
0.20405156537753222,0.8661311914323963,0.0067362571378694665
0.20405156537753222,0.8665136737425894,0.006720494076859444
0.20441988950276244,0.8665136737425894,0.006707353135857149
0.20441988950276244,0.8688085676037484,0.006614964579850322
0.20552486187845304,0.8688085676037484,0.006601164277713614
0.20552486187845304,0.8689998087588449,0.006596754870118186
0.20662983425414364,0.8689998087588449,0.006574385071672634
0.20662983425414364,0.8691910499139415,0.006571794297748077
0.20699815837937385,0.8691910499139415,0.006562011941881624
0.20699815837937385,0.8693822910690381,0.006559294272238528
0.20736648250460404,0.8693822910690381,0.006557811268818111
0.20736648250460404,0.8701472556894244,0.006538315664060717
0.20810313075506445,0.8701472556894244,0.0065143419967492455
0.20810313075506445,0.8705297379996175,0.006510861635781417
0.20920810313075505,0.8705297379996175,0.006505900697094537
0.20920810313075505,0.8707209791547141,0.0064739224500803055
0.20957642725598527,0.8707209791547141,0.0064718596083318015
0.20957642725598527,0.8711034614649072,0.006467693259532896
0.21031307550644568,0.8711034614649072,0.0064589922299602
0.21031307550644568,0.8712947026200039,0.006444261374169239
0.2110497237569061,0.8712947026200039,0.0064376945784383535
0.2110497237569061,0.873015873015873,0.006388082478652528
0.21141804788213628,0.873015873015873,0.006383832894467035
0.21141804788213628,0.8732071141709696,0.006372020959814321
0.21178637200736647,0.8732071141709696,0.006361718663757322
0.21178637200736647,0.8733983553260661,0.006356349485050281
0.2128913443830571,0.8733983553260661,0.006349322201186598
0.2128913443830571,0.8739720787913559,0.006343239482146563
0.2136279926335175,0.8739720787913559,0.006333061709874577
0.2136279926335175,0.8741633199464525,0.006330392770735379
0.2147329650092081,0.8741633199464525,0.0063084075708945385
0.2147329650092081,0.8747370434117422,0.006297992500832145
0.2151012891344383,0.8747370434117422,0.006287658720055716
0.2151012891344383,0.8749282845668388,0.006257559395578848
0.2154696132596685,0.8749282845668388,0.006250168968878612
0.2154696132596685,0.8753107668770319,0.006247509114312264
0.2158379373848987,0.8753107668770319,0.006245255013346111
0.2158379373848987,0.8762669726525149,0.006229331814203596
0.21620626151012892,0.8762669726525149,0.006225532194155497
0.21620626151012892,0.876649454962708,0.0062169184442550755
0.2165745856353591,0.876649454962708,0.0062103355446474166
0.2165745856353591,0.8768406961178046,0.006193955076605527
0.21694290976058933,0.8768406961178046,0.006182985684881369
0.21694290976058933,0.8770319372729011,0.006180997495382125
0.21804788213627993,0.8770319372729011,0.006158604725876719
0.21804788213627993,0.8774144195830943,0.006145659625763782
0.21841620626151012,0.8774144195830943,0.006141797512772318
0.21841620626151012,0.8781793842034806,0.006101043831203361
0.21952117863720075,0.8781793842034806,0.006094425569485401
0.21952117863720075,0.8783706253585771,0.006086762030525437
0.22025782688766113,0.8783706253585771,0.0060748502793031185
0.22025782688766113,0.8789443488238669,0.0060686722107645375
0.22062615101289135,0.8789443488238669,0.0060675821262535365
0.22062615101289135,0.8791355899789635,0.006055970775491565
0.22099447513812154,0.8791355899789635,0.0060552358725588975
0.22099447513812154,0.8797093134442532,0.00604277158075045
0.22136279926335176,0.8797093134442532,0.006035878841924179
0.22136279926335176,0.8799005545993498,0.0060167767272642
0.22173112338858195,0.8799005545993498,0.006016084576681429
0.22173112338858195,0.8804742780646395,0.006000760416726154
0.22246777163904236,0.8804742780646395,0.005988456195247892
0.22246777163904236,0.8823866896156053,0.005894471107019524
0.22357274401473295,0.8823866896156053,0.005887197358020683
0.22357274401473295,0.8831516542359916,0.005858990615187637
0.22394106813996317,0.8831516542359916,0.005852859476955895
0.22394106813996317,0.8837253777012813,0.005835468198608119
0.22430939226519336,0.8837253777012813,0.0058288042913701025
0.22430939226519336,0.8839166188563778,0.005824976825308753
0.22467771639042358,0.8839166188563778,0.005808556024878484
0.22467771639042358,0.8841078600114745,0.005804275984388873
0.22504604051565377,0.8841078600114745,0.005796476689674384
0.22504604051565377,0.8852553069420539,0.005778480289105908
0.225414364640884,0.8852553069420539,0.005766384834440121
0.225414364640884,0.8858290304073436,0.005756668813706104
0.2287292817679558,0.8858290304073436,0.005705991844106767
0.2287292817679558,0.8860202715624402,0.0057020686022183804
0.229097605893186,0.8860202715624402,0.005696682278774054
0.229097605893186,0.8864027538726333,0.005685168395571828
0.22983425414364642,0.8864027538726333,0.005657530097107909
0.22983425414364642,0.88659399502773,0.005657066320864737
0.2302025782688766,0.88659399502773,0.00565411986389832
0.2302025782688766,0.8867852361828266,0.005649696330724344
0.23057090239410682,0.8867852361828266,0.00564260243898963
0.23057090239410682,0.8875502008032129,0.00561103891640322
0.23093922651933702,0.8875502008032129,0.005602865734654625
0.23093922651933702,0.8881239242685026,0.0055909180763284785
0.23167587476979742,0.8881239242685026,0.005574894206817594
0.23167587476979742,0.8883151654235991,0.0055713574372733615
0.23204419889502761,0.8883151654235991,0.005565037313175956
0.23204419889502761,0.8888888888888888,0.005525700964374487
0.23241252302025783,0.8888888888888888,0.0055247975352768494
0.23241252302025783,0.8896538535092752,0.005504591218558625
0.23278084714548802,0.8896538535092752,0.005500440627699676
0.23278084714548802,0.8898450946643718,0.005490427045548784
0.23314917127071824,0.8898450946643718,0.005485840504028045
0.23314917127071824,0.8902275769745649,0.005472360730335929
0.23351749539594843,0.8902275769745649,0.005464321079397404
0.23351749539594843,0.8904188181296615,0.005458516798328448
0.23425414364640884,0.8904188181296615,0.0054573745151754605
0.23425414364640884,0.8906100592847581,0.005452843202966757
0.23462246777163903,0.8906100592847581,0.005443312904558234
0.23462246777163903,0.8908013004398546,0.00543478742802605
0.23499079189686925,0.8908013004398546,0.005431888270274593
0.23499079189686925,0.8913750239051443,0.005419308724881228
0.23609576427255985,0.8913750239051443,0.0054006967965547804
0.23609576427255985,0.891566265060241,0.005398582735972112
0.23646408839779007,0.891566265060241,0.0053922710844485
0.23646408839779007,0.8921399885255307,0.005370515711861352
0.23683241252302026,0.8921399885255307,0.00536980003675143
0.23683241252302026,0.892904953145917,0.005360628831538086
0.23830570902394108,0.892904953145917,0.005341426705897502
0.23830570902394108,0.8930961943010136,0.00533941444463154
0.23941068139963168,0.8930961943010136,0.005326660955322353
0.23941068139963168,0.8934786766112067,0.005307002281565964
0.23977900552486187,0.8934786766112067,0.005301991182408894
0.23977900552486187,0.8944348823866897,0.005264138001978798
0.24051565377532227,0.8944348823866897,0.005262913588264121
0.24051565377532227,0.8948173646968828,0.00523646840963835
0.2416206261510129,0.8948173646968828,0.005222242330114226
0.2416206261510129,0.8950086058519794,0.0052216902173566095
0.24235727440147328,0.8950086058519794,0.005221061052599298
0.24235727440147328,0.8951998470070759,0.005219994353902168
0.2430939226519337,0.8951998470070759,0.005209627727508356
0.2430939226519337,0.8955823293172691,0.005190294676960017
0.24493554327808473,0.8955823293172691,0.0051800203873255644
0.24493554327808473,0.8957735704723656,0.005172846467812586
0.24530386740331492,0.8957735704723656,0.005171596555194312
0.24530386740331492,0.8961560527825588,0.005165513942738613
0.24640883977900552,0.8961560527825588,0.005148983462610483
0.24640883977900552,0.8963472939376553,0.005148271286829976
0.24714548802946593,0.8963472939376553,0.005138850605028369
0.24714548802946593,0.8971122585580417,0.005126362014029449
0.24751381215469614,0.8971122585580417,0.0051234295252808254
0.24751381215469614,0.8973034997131383,0.0051207396624751295
0.24825046040515653,0.8973034997131383,0.005115379972586488
0.24825046040515653,0.8976859820233314,0.005104024068804997
0.24935543278084715,0.8976859820233314,0.0050994896944870395
0.24935543278084715,0.897877223178428,0.005081667454326951
0.24972375690607734,0.897877223178428,0.005078864197397797
0.24972375690607734,0.8980684643335246,0.005074503476996705
0.25009208103130753,0.8980684643335246,0.005072294645971211
0.25009208103130753,0.8990246701090074,0.005066410877673919
0.25119705340699816,0.8990246701090074,0.005044365860466713
0.25119705340699816,0.8997896347293938,0.0050300993137364315
0.25156537753222835,0.8997896347293938,0.005019109647392201
0.25156537753222835,0.8999808758844904,0.0050123539877257785
0.2523020257826888,0.8999808758844904,0.005001939551057657
0.2523020257826888,0.9007458405048766,0.004981630490515932
0.252670349907919,0.9007458405048766,0.004977357253314627
0.252670349907919,0.9009370816599732,0.004974720418102093
0.25303867403314917,0.9009370816599732,0.0049691155237678725
0.25303867403314917,0.9011283228150698,0.004965673872965995
0.25340699815837936,0.9011283228150698,0.0049653601395536345
0.25340699815837936,0.9015108051252629,0.00495573935136422
0.2548802946593002,0.9015108051252629,0.004948126551940125
0.2548802946593002,0.9017020462803595,0.004941611355365127
0.2556169429097606,0.9017020462803595,0.004927996724503453
0.2556169429097606,0.9024670109007459,0.004911378033569959
0.2559852670349908,0.9024670109007459,0.004900807127880856
0.2559852670349908,0.9026582520558424,0.00489037456395765
0.256353591160221,0.9026582520558424,0.0048755161108941574
0.256353591160221,0.902849493210939,0.004866754975428497
0.2567219152854512,0.902849493210939,0.0048619970244655275
0.2567219152854512,0.9034232166762287,0.00484665818264681
0.2578268876611418,0.9034232166762287,0.004828067938559506
0.2578268876611418,0.9039969401415184,0.004816239504641324
0.25893186003683244,0.9039969401415184,0.004789042576663916
0.25893186003683244,0.904188181296615,0.004786574858714686
0.25930018416206263,0.904188181296615,0.004777926218428579
0.25930018416206263,0.9051443870720979,0.004750471883732885
0.26077348066298345,0.9051443870720979,0.004744707951417229
0.26077348066298345,0.9055268693822911,0.004740454340451768
0.26114180478821364,0.9055268693822911,0.004739641713845838
0.26114180478821364,0.9061005928475808,0.004727384116901259
0.261878453038674,0.9061005928475808,0.004706767753839412
0.261878453038674,0.9062918340026773,0.004706336126606539
0.26261510128913446,0.9062918340026773,0.004687827740524158
0.26261510128913446,0.9064830751577739,0.004686797870069984
0.26298342541436465,0.9064830751577739,0.0046857098410299294
0.26298342541436465,0.9070567986230637,0.00467752823842982
0.26335174953959484,0.9070567986230637,0.004672274249191888
0.26335174953959484,0.9072480397781603,0.004671809146561549
0.263720073664825,0.9072480397781603,0.004667642274444786
0.263720073664825,0.9074392809332569,0.004664072717007937
0.2640883977900553,0.9074392809332569,0.004662968129597385
0.2640883977900553,0.9076305220883534,0.004655364925874569
0.26482504604051565,0.9076305220883534,0.004649955505602809
0.26482504604051565,0.9082042455536431,0.0046143330814366786
0.26519337016574585,0.9082042455536431,0.004610103345915467
0.26519337016574585,0.9083954867087397,0.0045999493265497775
0.26556169429097604,0.9083954867087397,0.004597660779525949
0.26556169429097604,0.9089692101740294,0.004577083028164096
0.2659300184162063,0.9089692101740294,0.004569301139151536
0.2659300184162063,0.9093516924842227,0.0045651935112128944
0.2662983425414365,0.9093516924842227,0.004563697111208091
0.2662983425414365,0.9095429336393192,0.004562070407275671
0.26666666666666666,0.9095429336393192,0.004560340071069354
0.26666666666666666,0.9097341747944158,0.004554107464346652
0.2674033149171271,0.9097341747944158,0.004551929065854095
0.2674033149171271,0.9099254159495124,0.004551126640286546
0.2677716390423573,0.9099254159495124,0.004543814154182215
0.2677716390423573,0.9101166571046089,0.004541561750511612
0.26887661141804786,0.9101166571046089,0.004536927648301221
0.26887661141804786,0.9104991394148021,0.00452054060508093
0.2692449355432781,0.9104991394148021,0.004517127709159473
0.2692449355432781,0.9106903805698986,0.004515445652032634
0.2721915285451197,0.9106903805698986,0.0044878533156693734
0.2721915285451197,0.9112641040351884,0.00448380099346952
0.2729281767955801,0.9112641040351884,0.004475442010843179
0.2729281767955801,0.9114553451902849,0.0044692491067314525
0.2732965009208103,0.9114553451902849,0.00446453654798942
0.2732965009208103,0.9118378275004781,0.004462924817966613
0.2736648250460405,0.9118378275004781,0.004460068958023972
0.2736648250460405,0.9120290686555746,0.004449178096145715
0.27440147329650094,0.9120290686555746,0.004448249268290624
0.27440147329650094,0.9122203098106713,0.004437607715123687
0.27476979742173113,0.9122203098106713,0.004434327318349755
0.27476979742173113,0.9124115509657679,0.00443012312352259
0.2758747697974217,0.9124115509657679,0.004426242732109951
0.2758747697974217,0.9126027921208644,0.0044204735412318825
0.27624309392265195,0.9126027921208644,0.004418402747303526
0.27624309392265195,0.912794033275961,0.004414895960817784
0.27697974217311233,0.912794033275961,0.004412521958894632
0.27697974217311233,0.9129852744310576,0.004410178890793392
0.27771639042357277,0.9129852744310576,0.00440779082525861
0.27771639042357277,0.9133677567412507,0.0043893292483422235
0.27882136279926334,0.9133677567412507,0.004386545074890053
0.27882136279926334,0.9135589978963473,0.004385157182732444
0.27918968692449353,0.9135589978963473,0.00437991575779564
0.27918968692449353,0.9139414802065404,0.0043652514949437254
0.2795580110497238,0.9139414802065404,0.004365246406896597
0.2795580110497238,0.9145152036718301,0.004355429016032956
0.27992633517495397,0.9145152036718301,0.004355107858006297
0.27992633517495397,0.9147064448269268,0.004354651172386926
0.28029465930018416,0.9147064448269268,0.004352797487144112
0.28029465930018416,0.9148976859820234,0.004348399390916501
0.28066298342541435,0.9148976859820234,0.004345869669544564
0.28066298342541435,0.9150889271371199,0.0043374708775651555
0.2810313075506446,0.9150889271371199,0.004334926274993069
0.2810313075506446,0.9152801682922165,0.004333971908815892
0.2813996316758748,0.9152801682922165,0.004324144769672686
0.2813996316758748,0.9154714094473131,0.0043181325284978745
0.281767955801105,0.9154714094473131,0.004311969942476231
0.281767955801105,0.9156626506024096,0.004308012894312852
0.28213627992633517,0.9156626506024096,0.004302534827620403
0.28213627992633517,0.9158538917575062,0.004301464709636704
0.28250460405156536,0.9158538917575062,0.004301147620416716
0.28250460405156536,0.9162363740676994,0.004297907547353479
0.283609576427256,0.9162363740676994,0.0042870742946895316
0.283609576427256,0.9166188563778925,0.004266794427076125
0.2839779005524862,0.9166188563778925,0.004261223631866962
0.2839779005524862,0.9171925798431823,0.004249955436350552
0.28434622467771636,0.9171925798431823,0.004246749770115473
0.28434622467771636,0.9173838209982789,0.004234635001194203
0.2858195211786372,0.9173838209982789,0.004223712640589151
0.2858195211786372,0.9175750621533754,0.004221416102482681
0.2861878453038674,0.9175750621533754,0.004216831569064072
0.2861878453038674,0.917766303308472,0.004214545626900683
0.287292817679558,0.917766303308472,0.004200452158250621
0.287292817679558,0.9179575444635686,0.004199272967493456
0.28802946593001844,0.9179575444635686,0.004195162756640673
0.28802946593001844,0.9181487856186651,0.004190050643778469
0.2887661141804788,0.9181487856186651,0.004188968372306285
0.2887661141804788,0.9183400267737617,0.004188874869321574
0.289134438305709,0.9183400267737617,0.0041872294716441445
0.289134438305709,0.9185312679288583,0.004184808579846971
0.28950276243093925,0.9185312679288583,0.004183760377204083
0.28950276243093925,0.9196787148594378,0.004164187237119212
0.29023941068139963,0.9196787148594378,0.004160066509512869
0.29023941068139963,0.9198699560145344,0.004150438831942937
0.29134438305709026,0.9198699560145344,0.004120414323279241
0.29134438305709026,0.9204436794798241,0.0040956505946313625
0.29171270718232045,0.9204436794798241,0.004089215475203947
0.29171270718232045,0.9206349206349206,0.0040881563162942615
0.29244935543278083,0.9206349206349206,0.004082609656699228
0.29244935543278083,0.9210174029451138,0.00407665353345946
0.292817679558011,0.9210174029451138,0.004076631196893534
0.292817679558011,0.9215911264104035,0.0040592393101572585
0.29355432780847146,0.9215911264104035,0.004053924868012694
0.29355432780847146,0.9221648498756932,0.0040506502578722065
0.29429097605893184,0.9221648498756932,0.004046172902049224
0.29429097605893184,0.9225473321858864,0.00402210936178967
0.29539594843462247,0.9225473321858864,0.0040130415772945405
0.29539594843462247,0.922738573340983,0.004004877545400607
0.29576427255985266,0.922738573340983,0.00400309540776285
0.29576427255985266,0.9231210556511761,0.003992161937675418
0.29613259668508285,0.9231210556511761,0.0039915613630218715
0.29613259668508285,0.9233122968062727,0.003988497772888553
0.2968692449355433,0.9233122968062727,0.003982676773237369
0.2968692449355433,0.9235035379613693,0.003977342467625051
0.29760589318600367,0.9235035379613693,0.003971251050228487
0.29760589318600367,0.9238860202715624,0.003938201577265166
0.2987108655616943,0.9238860202715624,0.003917866699366185
0.2987108655616943,0.924077261426659,0.0039117578184260345
0.2994475138121547,0.924077261426659,0.003901395017658576
0.2994475138121547,0.9242685025817556,0.0039002929131307096
0.3012891344383057,0.9242685025817556,0.003891237906597765
0.3012891344383057,0.9244597437368521,0.003890204373282878
0.3023941068139963,0.9244597437368521,0.003882978092664272
0.3023941068139963,0.9246509848919487,0.00388136628266714
0.30313075506445675,0.9246509848919487,0.003879929145831675
0.30313075506445675,0.9250334672021419,0.003879379028526405
0.30349907918968694,0.9250334672021419,0.0038710333769463538
0.30349907918968694,0.9254159495123351,0.0038594956581256366
0.30386740331491713,0.9254159495123351,0.003859031051673461
0.30386740331491713,0.9256071906674316,0.003857059792886753
0.3042357274401473,0.9256071906674316,0.003852907493156323
0.3042357274401473,0.9257984318225282,0.0038517025118559606
0.3046040515653775,0.9257984318225282,0.003837582145232261
0.3046040515653775,0.9261809141327214,0.0038307403454597762
0.30534069981583795,0.9261809141327214,0.0038290058643353133
0.30534069981583795,0.9271371199082042,0.00381036363251275
0.30570902394106814,0.9271371199082042,0.0038044797356161955
0.30570902394106814,0.9275196022183974,0.0037969984964236945
0.3060773480662983,0.9275196022183974,0.003790174555308468
0.3060773480662983,0.927710843373494,0.0037884790050747596
0.3064456721915285,0.927710843373494,0.003782690988982184
0.3064456721915285,0.9288582903040734,0.003754333704681048
0.30681399631675876,0.9288582903040734,0.0037493095336699795
0.30681399631675876,0.9292407726142666,0.0037458192600516244
0.30755064456721914,0.9292407726142666,0.003734203674908588
0.30755064456721914,0.9294320137693631,0.00372562859316953
0.30791896869244934,0.9294320137693631,0.003716998912617767
0.30791896869244934,0.9298144960795564,0.003713086015902145
0.3082872928176796,0.9298144960795564,0.003705642562676385
0.3082872928176796,0.9300057372346529,0.003698886023626957
0.3123388581952118,0.9300057372346529,0.0036698824332794425
0.3123388581952118,0.9301969783897495,0.0036693570311883356
0.3141804788213628,0.9301969783897495,0.0036473693754698524
0.3141804788213628,0.9303882195448461,0.003646781276813876
0.3149171270718232,0.9303882195448461,0.0036423191561872396
0.3149171270718232,0.9309619430101358,0.0036321083153500596
0.3152854511970534,0.9309619430101358,0.003629644474221818
0.3152854511970534,0.9311531841652324,0.0036270463677545556
0.3156537753222836,0.9311531841652324,0.0036243071199303675
0.3156537753222836,0.9313444253203289,0.00362341069644115
0.318232044198895,0.9313444253203289,0.003599193053316446
0.318232044198895,0.9315356664754255,0.003596733415839902
0.32007366482504607,0.9315356664754255,0.0035880450581000844
0.32007366482504607,0.9317269076305221,0.003585919211585726
0.32265193370165746,0.9317269076305221,0.00355659208966581
0.32265193370165746,0.9323006310958118,0.0035510210743195055
0.32338858195211784,0.9323006310958118,0.003549722155443926
0.32338858195211784,0.9324918722509083,0.0035492564791872274
0.3241252302025783,0.9324918722509083,0.003546358321361752
0.3241252302025783,0.932683113406005,0.003542170147146311
0.32486187845303865,0.932683113406005,0.003535365667609052
0.32486187845303865,0.9328743545611016,0.003530076866743656
0.3252302025782689,0.9328743545611016,0.003527749800582828
0.3252302025782689,0.9332568368712947,0.0035272095568668962
0.3255985267034991,0.9332568368712947,0.0035252578259387913
0.3255985267034991,0.9336393191814879,0.003520601135229894
0.3274401473296501,0.9336393191814879,0.0034796353506677574
0.3274401473296501,0.9338305603365844,0.003476741136931884
0.3296500920810313,0.9338305603365844,0.0034638947261325832
0.3296500920810313,0.9342130426467776,0.003460379142287284
0.3300184162062615,0.9342130426467776,0.0034543420410292026
0.3300184162062615,0.9344042838018741,0.0034526051445708953
0.33038674033149174,0.9344042838018741,0.00345167697159553
0.33038674033149174,0.9347867661120673,0.0034430361094534914
0.3311233885819521,0.9347867661120673,0.0034355675622598576
0.3311233885819521,0.9353604895773571,0.0034240542801866184
0.3333333333333333,0.9353604895773571,0.00341007122041116
0.3333333333333333,0.9357429718875502,0.003403441036248493
0.33406998158379375,0.9357429718875502,0.003395321893824481
0.33406998158379375,0.9359342130426468,0.0033921287239512764
0.33480662983425413,0.9359342130426468,0.0033839177636117487
0.33480662983425413,0.9363166953528399,0.003383268516197551
0.3351749539594843,0.9363166953528399,0.0033825368619814808
0.3351749539594843,0.9365079365079365,0.0033810081713507266
0.3373848987108656,0.9365079365079365,0.0033536026674676864
0.3373848987108656,0.9366991776630331,0.003350176979057572
0.33775322283609577,0.9366991776630331,0.0033492277368445756
0.33775322283609577,0.9368904188181296,0.003348344401422594
0.33996316758747697,0.9368904188181296,0.003321917188127004
0.33996316758747697,0.9370816599732262,0.0033209109127818
0.34033149171270716,0.9370816599732262,0.003319101410456429
0.34033149171270716,0.937655383438516,0.0033152040164426072
0.3414364640883978,0.937655383438516,0.0033106455270386524
0.3414364640883978,0.9384203480589023,0.0032866943184366856
0.341804788213628,0.9384203480589023,0.003286464583476806
0.341804788213628,0.9388028303690954,0.0032847211328270102
0.3432780847145488,0.9388028303690954,0.0032780197956007095
0.3432780847145488,0.9397590361445783,0.0032641387922899305
0.3447513812154696,0.9397590361445783,0.003249633439852438
0.3447513812154696,0.9399502772996748,0.003234480463237067
0.34548802946593,0.9399502772996748,0.0032268410199903235
0.34548802946593,0.9401415184547715,0.003221011680680475
0.34585635359116024,0.9401415184547715,0.00321786726994441
0.34585635359116024,0.9403327596098681,0.0032113477398596135
0.3465930018416206,0.9403327596098681,0.003204360478190645
0.3465930018416206,0.9405240007649647,0.0032034926887405633
0.3469613259668508,0.9405240007649647,0.003203090254109841
0.3469613259668508,0.9407152419200612,0.00320293619422375
0.34732965009208105,0.9407152419200612,0.003202268850410865
0.34732965009208105,0.9416714476955441,0.0031879958819806737
0.34769797421731125,0.9416714476955441,0.0031800020429728236
0.34769797421731125,0.9418626888506406,0.003171783864555681
0.34806629834254144,0.9418626888506406,0.003163453015425125
0.34806629834254144,0.9422451711608338,0.0031596626943955278
0.35174953959484345,0.9422451711608338,0.003126476859103812
0.35174953959484345,0.9430101357812202,0.0031189948644514496
0.3546961325966851,0.9430101357812202,0.003091710557916285
0.3546961325966851,0.9432013769363167,0.0030901685438257625
0.3558011049723757,0.9432013769363167,0.00308155362954773
0.3558011049723757,0.9435838592465099,0.003076959335119568
0.3561694290976059,0.9435838592465099,0.003073930806363064
0.3561694290976059,0.9437751004016064,0.003073020048755723
0.3565377532228361,0.9437751004016064,0.003069965910815812
0.3565377532228361,0.9441575827117996,0.0030655993726856016
0.3572744014732965,0.9441575827117996,0.003060996853156134
0.3572744014732965,0.9447313061770893,0.0030492862024022473
0.3576427255985267,0.9447313061770893,0.003046690519585758
0.3576427255985267,0.9449225473321858,0.003044296600837557
0.3587476979742173,0.9449225473321858,0.003038479127466122
0.3587476979742173,0.9451137884872824,0.0030361187911553626
0.35948434622467773,0.9451137884872824,0.0030303084899052624
0.35948434622467773,0.9453050296423791,0.0030280300111883793
0.3602209944751381,0.9453050296423791,0.003021648833413772
0.3602209944751381,0.9454962707974757,0.0030177178294198406
0.36169429097605893,0.9454962707974757,0.0030111873917976
0.36169429097605893,0.9456875119525722,0.003010037157568452
0.36316758747697975,0.9456875119525722,0.0029857093816358666
0.36316758747697975,0.9458787531076688,0.0029795550772395477
0.36574585635359114,0.9458787531076688,0.0029535117260635554
0.36574585635359114,0.9462612354178619,0.002949845426069114
0.3679558011049724,0.9462612354178619,0.002933159410772064
0.3679558011049724,0.9464524765729585,0.0029313181633745084
0.36869244935543277,0.9464524765729585,0.00292681172062637
0.36869244935543277,0.9466437177280551,0.0029229750494238764
0.3694290976058932,0.9466437177280551,0.002918142789604442
0.3694290976058932,0.9468349588831516,0.0029181351783203247
0.3705340699815838,0.9468349588831516,0.0029081397782198715
0.3705340699815838,0.9470262000382482,0.002905381076521476
0.37090239410681397,0.9470262000382482,0.002903176146813888
0.37090239410681397,0.9472174411933448,0.002901198492196211
0.3716390423572744,0.9472174411933448,0.002893664125832507
0.3716390423572744,0.9474086823484413,0.002893592719023704
0.3720073664825046,0.9474086823484413,0.002886093836598326
0.3720073664825046,0.9475999235035379,0.002884288803172185
0.3723756906077348,0.9475999235035379,0.002881056240836972
0.3723756906077348,0.9477911646586346,0.0028800127750764097
0.37274401473296503,0.9477911646586346,0.0028765947743415884
0.37274401473296503,0.9479824058137312,0.0028760463994079596
0.3731123388581952,0.9479824058137312,0.002875629460918127
0.3731123388581952,0.9481736469688277,0.002872646509066811
0.3734806629834254,0.9481736469688277,0.002872421395242446
0.3734806629834254,0.9483648881239243,0.0028721717562155327
0.3738489871086556,0.9483648881239243,0.0028714425435417937
0.3738489871086556,0.9485561292790209,0.0028606107259148026
0.3742173112338858,0.9485561292790209,0.0028593017890312412
0.3742173112338858,0.9487473704341174,0.0028579336899367375
0.37458563535911604,0.9487473704341174,0.002856571625618311
0.37458563535911604,0.948938611589214,0.00285027456045456
0.3753222836095764,0.948938611589214,0.0028452894668831606
0.3753222836095764,0.9491298527443106,0.002843654078346197
0.3760589318600368,0.9491298527443106,0.002832543576438874
0.3760589318600368,0.9495123350545037,0.002830342424535447
0.37826887661141806,0.9495123350545037,0.002810798142710686
0.37826887661141806,0.9500860585197934,0.0028022721000926206
0.38047882136279926,0.9500860585197934,0.0027914154753798837
0.38047882136279926,0.95027729967489,0.0027912004578885836
0.3812154696132597,0.95027729967489,0.002784182487188454
0.3812154696132597,0.9506597819850832,0.0027814680886107707
0.3815837937384899,0.9506597819850832,0.0027744108024254726
0.3815837937384899,0.9508510231401798,0.002773861111856499
0.38453038674033146,0.9508510231401798,0.002760964475649828
0.38453038674033146,0.9512335054503729,0.002758890854361039
0.3856353591160221,0.9512335054503729,0.0027564246762746655
0.3856353591160221,0.9514247466054695,0.0027550910793909217
0.3867403314917127,0.9514247466054695,0.002746024829781637
0.3867403314917127,0.9518072289156626,0.0027418293724634185
0.3874769797421731,0.9518072289156626,0.0027399543984332497
0.3874769797421731,0.9519984700707592,0.0027373563174629377
0.3878453038674033,0.9519984700707592,0.002732929891641615
0.3878453038674033,0.9521897112258558,0.00273280171012122
0.38821362799263354,0.9521897112258558,0.002731909245249113
0.38821362799263354,0.9523809523809523,0.0027313042789298843
0.39005524861878454,0.9523809523809523,0.0027132876490244258
0.39005524861878454,0.9525721935360489,0.002711810614790839
0.3911602209944751,0.9525721935360489,0.00270634078034549
0.3911602209944751,0.9531459170013387,0.0027009699538023918
0.39226519337016574,0.9531459170013387,0.002696600276309014
0.39226519337016574,0.9533371581564353,0.0026953112690257987
0.39373848987108656,0.9533371581564353,0.002687968978334359
0.39373848987108656,0.9535283993115319,0.00268660097208912
0.39447513812154694,0.9535283993115319,0.0026864781426556993
0.39447513812154694,0.9537196404666284,0.0026844733636895257
0.3948434622467772,0.9537196404666284,0.002684240118053031
0.3948434622467772,0.953910881621725,0.002683922687583268
0.3952117863720074,0.953910881621725,0.0026831822314379696
0.3952117863720074,0.9541021227768216,0.002679725408227444
0.39558011049723757,0.9541021227768216,0.002678101094750982
0.39558011049723757,0.9542933639319181,0.002675076387262297
0.39594843462246776,0.9542933639319181,0.002673755690632588
0.39594843462246776,0.9544846050870147,0.002672554630794006
0.3974217311233886,0.9544846050870147,0.002662998477607657
0.3974217311233886,0.9546758462421113,0.002660129623358898
0.398158379373849,0.9546758462421113,0.00265452398455792
0.398158379373849,0.9548670873972078,0.0026539669392782674
0.4,0.9548670873972078,0.0026430006642354526
0.4,0.955249569707401,0.002638988913789431
0.4007366482504604,0.955249569707401,0.002635623263701197
0.4007366482504604,0.9554408108624977,0.002634014580832279
0.40331491712707185,0.9554408108624977,0.0026250722401769877
0.40331491712707185,0.9558232931726908,0.002621134050524365
0.4047882136279926,0.9558232931726908,0.0026101962162253874
0.4047882136279926,0.9560145343277874,0.0026085879069958993
0.40736648250460405,0.9560145343277874,0.0025761803149749077
0.40736648250460405,0.9562057754828839,0.00256720559165292
0.40920810313075506,0.9562057754828839,0.002550654421016817
0.40920810313075506,0.9563970166379805,0.002547155988881665
0.41141804788213626,0.9563970166379805,0.0025279512116778736
0.41141804788213626,0.9565882577930771,0.0025277936403489236
0.4117863720073665,0.9565882577930771,0.002525978343136417
0.4117863720073665,0.9569707401032702,0.002515365654233416
0.4125230202578269,0.9569707401032702,0.0025142746151308516
0.4125230202578269,0.9571619812583668,0.0025136011270133515
0.41325966850828727,0.9571619812583668,0.0025033125150706287
0.41325966850828727,0.9573532224134633,0.0025009832458392726
0.4143646408839779,0.9573532224134633,0.002492656514797709
0.4143646408839779,0.9581181870338497,0.0024870495043202876
0.4154696132596685,0.9581181870338497,0.002483869703452259
0.4154696132596685,0.9583094281889463,0.002482841963138689
0.4158379373848987,0.9583094281889463,0.002478172801670552
0.4158379373848987,0.9586919104991394,0.002476395335681776
0.4162062615101289,0.9586919104991394,0.0024744491940332687
0.4162062615101289,0.9590743928093326,0.0024654325645125604
0.42099447513812155,0.9590743928093326,0.002431256672242998
0.42099447513812155,0.9596481162746223,0.0024193989951766144
0.42246777163904237,0.9596481162746223,0.002404718550991452
0.42246777163904237,0.9598393574297188,0.002404356654980802
0.42504604051565376,0.9598393574297188,0.0023763640528038643
0.42504604051565376,0.960221839739912,0.002374735777972814
0.4276243093922652,0.960221839739912,0.0023530955492460145
0.4276243093922652,0.9604130808950087,0.002351627814625907
0.4279926335174954,0.9604130808950087,0.002343572384964262
0.4279926335174954,0.9606043220501052,0.002342540628938562
0.4287292817679558,0.9606043220501052,0.002335827719632953
0.4287292817679558,0.9607955632052018,0.0023303873914395958
0.429097605893186,0.9607955632052018,0.0023297975508086467
0.429097605893186,0.9609868043602984,0.002329616036246845
0.4294659300184162,0.9609868043602984,0.002327843093392996
0.4294659300184162,0.9613692866704915,0.002312414409135747
0.43057090239410684,0.9613692866704915,0.002306371638017185
0.43057090239410684,0.9617517689806846,0.0023002358269600485
0.4313075506445672,0.9617517689806846,0.002295969400705008
0.4313075506445672,0.9623254924459744,0.0022798128109304894
0.4316758747697974,0.9623254924459744,0.0022726336548154957
0.4316758747697974,0.9625167336010709,0.0022711456888403507
0.4331491712707182,0.9625167336010709,0.0022645066050271333
0.4331491712707182,0.9627079747561675,0.002264378449304485
0.4335174953959484,0.9627079747561675,0.0022639335330095797
0.4335174953959484,0.9628992159112642,0.0022613568002522112
0.4375690607734807,0.9628992159112642,0.002227942545771416
0.4375690607734807,0.9632816982214573,0.0022133481394319837
0.43830570902394106,0.9632816982214573,0.002212356084863638
0.43830570902394106,0.9634729393765539,0.002211459733929641
0.43867403314917125,0.9634729393765539,0.0022108465638055975
0.43867403314917125,0.9636641805316504,0.002208676341883312
0.44014732965009207,0.9636641805316504,0.002203821305807265
0.44014732965009207,0.963855421686747,0.002201666552558071
0.4408839779005525,0.963855421686747,0.002200011145892827
0.4408839779005525,0.9640466628418436,0.0021948727224912613
0.4412523020257827,0.9640466628418436,0.0021875962037298715
0.4412523020257827,0.9642379039969401,0.0021864822934197755
0.4416206261510129,0.9642379039969401,0.0021848708087214715
0.4416206261510129,0.9644291451520367,0.002183367146906343
0.4427255985267035,0.9644291451520367,0.002178046546855872
0.4427255985267035,0.9646203863071333,0.0021744914849154123
0.4434622467771639,0.9646203863071333,0.0021699821641942194
0.4434622467771639,0.9650028686173264,0.0021651755123016326
0.4438305709023941,0.9650028686173264,0.0021636861186224983
0.4438305709023941,0.965194109772423,0.002159434931356526
0.44567219152854515,0.965194109772423,0.0021557029938981858
0.44567219152854515,0.9653853509275196,0.0021553154433344174
0.44751381215469616,0.9653853509275196,0.0021463344411436847
0.44751381215469616,0.9655765920826161,0.0021437906835970787
0.4486187845303867,0.9655765920826161,0.0021286854278096574
0.4486187845303867,0.9659590743928094,0.00212573081097195
0.44935543278084716,0.9659590743928094,0.002122243506829521
0.44935543278084716,0.9661503155479059,0.0021205120142078785
0.45119705340699817,0.9661503155479059,0.002110839553303467
0.45119705340699817,0.9663415567030025,0.002100597801842443
0.45230202578268874,0.9663415567030025,0.002092553208875094
0.45230202578268874,0.9665327978580991,0.0020913188934783182
0.45340699815837937,0.9665327978580991,0.00208676103398955
0.45340699815837937,0.9667240390131956,0.0020844955557267086
0.45451197053407,0.9667240390131956,0.0020786843091554217
0.45451197053407,0.9674890036335819,0.0020734779862701756
0.46151012891344384,0.9674890036335819,0.0020472744087019234
0.46151012891344384,0.9676802447886785,0.0020447176317832925
0.46187845303867403,0.9676802447886785,0.00204391961028896
0.46187845303867403,0.9678714859437751,0.0020422384791523216
0.46335174953959485,0.9678714859437751,0.0020290402751627335
0.46335174953959485,0.9680627270988716,0.002017259412090887
0.46703499079189686,0.9680627270988716,0.001990787638623241
0.46703499079189686,0.9682539682539683,0.00199070387778985
0.4677716390423573,0.9682539682539683,0.001985600141304929
0.4677716390423573,0.9684452094090649,0.0019818285306890965
0.4681399631675875,0.9684452094090649,0.001974322573440075
0.4681399631675875,0.9686364505641614,0.001972891717094457
0.4696132596685083,0.9686364505641614,0.0019688128184973505
0.4696132596685083,0.9690189328743546,0.001965705520729043
0.47513812154696133,0.9690189328743546,0.0019352884851476535
0.47513812154696133,0.9692101740294511,0.0019339876757522678
0.47624309392265196,0.9692101740294511,0.0019256589976925453
0.47624309392265196,0.9694014151845477,0.0019244950859647534
0.47661141804788215,0.9694014151845477,0.0019240880061198663
0.47661141804788215,0.9695926563396443,0.0019240677529504054
0.47808471454880297,0.9695926563396443,0.0019158694047757378
0.47808471454880297,0.9697838974947409,0.0019139178131496182
0.48029465930018417,0.9697838974947409,0.001891698472140208
0.48029465930018417,0.9699751386498374,0.0018889266927526347
0.4813996316758748,0.9699751386498374,0.0018863152061708273
0.4813996316758748,0.970166379804934,0.001884895558478918
0.4850828729281768,0.970166379804934,0.0018659686058348744
0.4850828729281768,0.9705488621151271,0.0018629399770771448
0.4861878453038674,0.9705488621151271,0.0018520327838823772
0.4861878453038674,0.9707401032702238,0.0018500792373988165
0.4876611418047882,0.9707401032702238,0.0018401138576904239
0.4876611418047882,0.9711225855804169,0.0018364870417034128
0.48839779005524864,0.9711225855804169,0.0018358415021025958
0.48839779005524864,0.9713138267355135,0.0018354972164852572
0.4968692449355433,0.9713138267355135,0.001797711616646399
0.4968692449355433,0.9716963090457066,0.0017973453100420935
0.4994475138121547,0.9716963090457066,0.0017824974542878702
0.4994475138121547,0.9720787913558998,0.0017742405427903195
0.5031307550644567,0.9720787913558998,0.0017558628588255384
0.5031307550644567,0.9722700325109964,0.0017537507868759373
0.5057090239410681,0.9722700325109964,0.0017330444972825977
0.5057090239410681,0.9724612736660929,0.001731896003931814
0.5079189686924493,0.9724612736660929,0.0017269344864927867
0.5079189686924493,0.9726525148211895,0.0017238231349405305
0.510865561694291,0.9726525148211895,0.0017061132421568894
0.510865561694291,0.9730349971313826,0.001705281327671034
0.5123388581952117,0.9730349971313826,0.0016987299916875912
0.5123388581952117,0.9732262382864793,0.001696766900952164
0.5130755064456722,0.9732262382864793,0.0016920139376264758
0.5130755064456722,0.9734174794415759,0.001689533867852244
0.514548802946593,0.9734174794415759,0.0016853404499399547
0.514548802946593,0.9736087205966724,0.001679631452296281
0.5171270718232044,0.9736087205966724,0.0016694065333754471
0.5171270718232044,0.973799961751769,0.0016669291599827115
0.5186003683241253,0.973799961751769,0.0016627630801176463
0.5186003683241253,0.9741824440619621,0.0016614653723168718
0.5189686924493554,0.9741824440619621,0.0016602964147531152
0.5189686924493554,0.9745649263721553,0.0016580169245102852
0.5303867403314917,0.9745649263721553,0.0016169167505553383
0.5303867403314917,0.9747561675272519,0.0016146609684899028
0.5314917127071823,0.9747561675272519,0.0016099397260654306
0.5314917127071823,0.9749474086823484,0.0016027033809773046
0.5318600368324126,0.9749474086823484,0.0016024371350214692
0.5318600368324126,0.975138649837445,0.0016016776795588657
0.5322283609576427,0.975138649837445,0.0015988733642445956
0.5322283609576427,0.9753298909925416,0.0015980823744061968
0.532596685082873,0.9753298909925416,0.0015974197559386807
0.532596685082873,0.9755211321476381,0.0015966167611926431
0.5329650092081031,0.9755211321476381,0.0015932950362859545
0.5329650092081031,0.9757123733027347,0.0015930427726807371
0.5340699815837937,0.9757123733027347,0.0015910480219164292
0.5340699815837937,0.9759036144578314,0.001585432946560787
0.534438305709024,0.9759036144578314,0.001581923423097984
0.534438305709024,0.9760948556129279,0.0015814591786597809
0.5370165745856353,0.9760948556129279,0.0015744976186686068
0.5370165745856353,0.9762860967680245,0.0015738406107546569
0.5425414364640884,0.9762860967680245,0.0015374581313957276
0.5425414364640884,0.9764773379231211,0.0015373771816991184
0.5429097605893186,0.9764773379231211,0.0015367289178463191
0.5429097605893186,0.9766685790782176,0.0015336976506397483
0.549171270718232,0.9766685790782176,0.0015138771249560037
0.549171270718232,0.9768598202333142,0.001508603006780761
0.5506445672191529,0.9768598202333142,0.0015045184259911614
0.5506445672191529,0.9770510613884108,0.0015041377920739728
0.5550644567219153,0.9770510613884108,0.0014919872722005056
0.5550644567219153,0.9772423025435074,0.0014903623635472054
0.5613259668508287,0.9772423025435074,0.0014639663454145719
0.5613259668508287,0.9776247848537005,0.0014572552315323393
0.5620626151012892,0.9776247848537005,0.0014557968401761297
0.5620626151012892,0.9778160260087971,0.0014553248610353353
0.5631675874769797,0.9778160260087971,0.0014530788421486729
0.5631675874769797,0.9780072671638936,0.001452954551881045
0.5657458563535912,0.9780072671638936,0.0014414884415323193
0.5657458563535912,0.9781985083189902,0.0014381884972999776
0.5661141804788213,0.9781985083189902,0.0014356664051027386
0.5661141804788213,0.9783897494740869,0.0014355561894302806
0.5668508287292817,0.9783897494740869,0.00143435547763871
0.5668508287292817,0.9785809906291834,0.0014310074062654215
0.567219152854512,0.9785809906291834,0.0014308331288686621
0.567219152854512,0.97877223178428,0.0014298761363886003
0.570902394106814,0.97877223178428,0.0014189161768933683
0.570902394106814,0.9789634729393766,0.0014182824669447312
0.5712707182320442,0.9789634729393766,0.0014173073351740973
0.5712707182320442,0.9795371964046663,0.0014129151999140224
0.574585635359116,0.9795371964046663,0.0014021455050309706
0.574585635359116,0.9797284375597629,0.0013983955479323657
0.5753222836095764,0.9797284375597629,0.0013904097000775736
0.5753222836095764,0.9799196787148594,0.0013881380083603661
0.5790055248618785,0.9799196787148594,0.0013772492989680687
0.5790055248618785,0.980110919869956,0.001375417313980189
0.580110497237569,0.980110919869956,0.0013659409460452501
0.580110497237569,0.9803021610250526,0.001364618364754075
0.5804788213627993,0.9803021610250526,0.0013608691213576373
0.5804788213627993,0.9804934021801491,0.0013595099084180795
0.5808471454880295,0.9804934021801491,0.0013577840935438963
0.5808471454880295,0.9806846433352457,0.0013554796448367113
0.5815837937384899,0.9806846433352457,0.0013528764692998174
0.5815837937384899,0.9808758844903424,0.001351136690888809
0.58195211786372,0.9808758844903424,0.0013470369789976618
0.58195211786372,0.9810671256454389,0.0013417739421260212
0.583793738489871,0.9810671256454389,0.0013359062917189246
0.583793738489871,0.9812583668005355,0.0013345063588714413
0.5848987108655617,0.9812583668005355,0.0013309661133338539
0.5848987108655617,0.9814496079556321,0.0013307992689628137
0.5878453038674033,0.9814496079556321,0.001317527238114979
0.5878453038674033,0.9816408491107286,0.0013174850639202998
0.5882136279926335,0.9816408491107286,0.001316155499385369
0.5882136279926335,0.9818320902658252,0.0013109257929464827
0.5922651933701657,0.9818320902658252,0.00128877384026209
0.5922651933701657,0.9822145725760184,0.0012838251207071376
0.5952117863720073,0.9822145725760184,0.0012723282722876144
0.5952117863720073,0.9824058137311149,0.001272187528380373
0.5955801104972376,0.9824058137311149,0.0012711808141863273
0.5955801104972376,0.9825970548862115,0.0012708640991281228
0.596316758747698,0.9825970548862115,0.0012687753191742233
0.596316758747698,0.9827882960413081,0.0012664833947825605
0.5985267034990792,0.9827882960413081,0.0012589549016555656
0.5985267034990792,0.9831707783515012,0.0012538969128250278
0.6003683241252302,0.9831707783515012,0.0012480906734755033
0.6003683241252302,0.9833620195065979,0.001246543192069894
0.6011049723756906,0.9833620195065979,0.0012417426580552259
0.6011049723756906,0.9835532606616944,0.0012410935543011128
0.6025782688766114,0.9835532606616944,0.0012261828999714163
0.6025782688766114,0.9841269841269841,0.0012212371783747583
0.6040515653775322,0.9841269841269841,0.001216586328655729
0.6040515653775322,0.9843182252820807,0.0012157037151419399
0.6062615101289135,0.9843182252820807,0.001213260180186157
0.6062615101289135,0.9845094664371773,0.0012124746432990324
0.6088397790055249,0.9845094664371773,0.001203984265896127
0.6088397790055249,0.9847007075922739,0.0012039250784583167
0.6132596685082873,0.9847007075922739,0.001183186364499307
0.6132596685082873,0.9848919487473704,0.0011811771992464937
0.6139963167587477,0.9848919487473704,0.0011809273238856874
0.6139963167587477,0.985083189902467,0.001180668461514289
0.6187845303867403,0.985083189902467,0.001163583718327241
0.6187845303867403,0.9852744310575636,0.0011635320194997854
0.6195211786372007,0.9852744310575636,0.0011621901487741902
0.6195211786372007,0.9856569133677567,0.0011616052358810458
0.6220994475138122,0.9856569133677567,0.0011417153367002477
0.6220994475138122,0.9858481545228533,0.0011397329661497315
0.6250460405156538,0.9858481545228533,0.0011335478737284415
0.6250460405156538,0.9860393956779498,0.0011334310055549058
0.627255985267035,0.9860393956779498,0.001121715737308302
0.627255985267035,0.9862306368330465,0.0011206332700934081
0.6283609576427256,0.9862306368330465,0.0011178801188164742
0.6283609576427256,0.9864218779881431,0.0011155574478034149
0.6305709023941068,0.9864218779881431,0.0011070702376925626
0.6305709023941068,0.9866131191432396,0.0011047182051564632
0.6342541436464089,0.9866131191432396,0.0010932044616844545
0.6342541436464089,0.9868043602983362,0.001092595581987702
0.6360957642725599,0.9868043602983362,0.0010835678396712487
0.6360957642725599,0.9869956014534328,0.0010790751473580805
0.6386740331491713,0.9869956014534328,0.0010697570151720873
0.6386740331491713,0.9871868426085294,0.0010687083228591691
0.6397790055248619,0.9871868426085294,0.001065632494008926
0.6397790055248619,0.9875693249187225,0.0010612260270644518
0.6419889502762431,0.9875693249187225,0.0010532027312271817
0.6419889502762431,0.9877605660738191,0.0010519718118708148
0.6453038674033149,0.9877605660738191,0.0010370805595736777
0.6453038674033149,0.9879518072289156,0.001036534060026428
0.6460405156537753,0.9879518072289156,0.001034912584388141
0.6460405156537753,0.9883342895391088,0.0010300780595473803
0.6471454880294659,0.9883342895391088,0.0010286883955474468
0.6471454880294659,0.9885255306942053,0.0010280044417256605
0.6486187845303868,0.9885255306942053,0.0010238568099048874
0.6486187845303868,0.988716771849302,0.0010228176443003235
0.6497237569060773,0.988716771849302,0.001015265041095467
0.6497237569060773,0.9889080130043986,0.0010146998846787864
0.6508287292817679,0.9889080130043986,0.0010080919985453398
0.6508287292817679,0.9890992541594952,0.0010076939707190863
0.6511970534069982,0.9890992541594952,0.0010054276023140315
0.6511970534069982,0.9892904953145917,0.0010014957287706825
0.6515653775322283,0.9892904953145917,0.0010013483297565302
0.6515653775322283,0.9894817364696883,0.0010005889324461645
0.65451197053407,0.9894817364696883,0.0009913726213550912
0.65451197053407,0.9896729776247849,0.0009906396658031743
0.6611418047882136,0.9896729776247849,0.0009659592177109694
0.6611418047882136,0.990055459934978,0.0009606049571888248
0.661878453038674,0.990055459934978,0.0009578260345321526
0.661878453038674,0.9902467010900746,0.0009568641291351847
0.6633517495395949,0.9902467010900746,0.000951195494166163
0.6633517495395949,0.9904379422451711,0.0009508203458405797
0.6677716390423573,0.9904379422451711,0.0009385991595753609
0.6677716390423573,0.9906291834002677,0.0009364378315528147
0.6732965009208103,0.9906291834002677,0.0009173656992028282
0.6732965009208103,0.9908204245553643,0.0009167481039115476
0.6769797421731123,0.9908204245553643,0.0008943297339282654
0.6769797421731123,0.9910116657104608,0.0008934683221635604
0.6799263351749539,0.9910116657104608,0.0008854872624685055
0.6799263351749539,0.9912029068655575,0.0008827491106756987
0.6843462246777164,0.9912029068655575,0.0008703990617025341
0.6843462246777164,0.9913941480206541,0.0008669001161869004
0.6861878453038674,0.9913941480206541,0.0008617337073967943
0.6861878453038674,0.9915853891757507,0.0008616858807219137
0.6913443830570902,0.9915853891757507,0.0008474799136052397
0.6913443830570902,0.9917766303308472,0.0008443915643917533
0.6920810313075506,0.9917766303308472,0.0008441093718024478
0.6920810313075506,0.9919678714859438,0.0008439287199000028
0.6924493554327809,0.9919678714859438,0.0008430877923094213
0.6924493554327809,0.9923503537961369,0.0008411397822248161
0.6935543278084715,0.9923503537961369,0.000838353765380496
0.6935543278084715,0.9925415949512335,0.0008376842042663267
0.7031307550644568,0.9925415949512335,0.0008106851477349187
0.7031307550644568,0.9927328361063301,0.0008102565682474291
0.7038674033149172,0.9927328361063301,0.0008098426782082923
0.7038674033149172,0.9929240772614266,0.0008091556821370517
0.7060773480662983,0.9929240772614266,0.0008037793989188668
0.7060773480662983,0.9931153184165232,0.0008026147626206461
0.7068139963167588,0.9931153184165232,0.0008014978156489357
0.7068139963167588,0.9933065595716198,0.0007972820456193863
0.712707182320442,0.9933065595716198,0.0007819040835484359
0.712707182320442,0.9934978007267163,0.0007800453419948084
0.7156537753222836,0.9934978007267163,0.0007540394093561944
0.7156537753222836,0.993689041881813,0.0007523544824498263
0.7226519337016575,0.993689041881813,0.0007329995135040069
0.7226519337016575,0.9938802830369096,0.0007314367676942468
0.7244935543278085,0.9938802830369096,0.0007270324646939051
0.7244935543278085,0.9940715241920062,0.000726970494271607
0.7322283609576428,0.9940715241920062,0.0007131644069005897
0.7322283609576428,0.9942627653471027,0.0007125242858553284
0.7362799263351749,0.9942627653471027,0.0007041938868114894
0.7362799263351749,0.9944540065021993,0.000703690364204038
0.7469613259668508,0.9944540065021993,0.0006747760281647732
0.7469613259668508,0.9946452476572959,0.0006737718817797971
0.7488029465930018,0.9946452476572959,0.0006673754118075828
0.7488029465930018,0.9948364888123924,0.0006653387353750134
0.7535911602209945,0.9948364888123924,0.0006571131690812497
0.7535911602209945,0.995027729967489,0.0006544108020334917
0.7543278084714549,0.995027729967489,0.0006511957354901953
0.7543278084714549,0.9952189711225856,0.0006501024209990086
0.7580110497237569,0.9952189711225856,0.0006400294315388125
0.7580110497237569,0.9954102122776821,0.0006396291975445665
0.7609576427255985,0.9954102122776821,0.0006311785126098192
0.7609576427255985,0.9956014534327787,0.0006300091447981556
0.7642725598526704,0.9956014534327787,0.0006208828123869475
0.7642725598526704,0.9957926945878753,0.000619545783402804
0.7679558011049724,0.9957926945878753,0.0006087338014690652
0.7679558011049724,0.9959839357429718,0.0006084883455825984
0.7742173112338858,0.9959839357429718,0.0005947068287582175
0.7742173112338858,0.9961751768980684,0.0005945676404757307
0.7793738489871087,0.9961751768980684,0.000581128379005344
0.7793738489871087,0.9963664180531651,0.00058110741348434
0.7889502762430939,0.9963664180531651,0.0005543008664844514
0.7889502762430939,0.9967489003633582,0.0005533971101203328
0.7959484346224678,0.9967489003633582,0.0005309284739972386
0.7959484346224678,0.9969401415184548,0.0005302420587935797
0.7985267034990792,0.9969401415184548,0.0005176170276637959
0.7985267034990792,0.9971313826735514,0.000516349665957308
0.8025782688766114,0.9971313826735514,0.0005098238597252034
0.8025782688766114,0.9975138649837445,0.0005086845172655073
0.8062615101289135,0.9975138649837445,0.0004942490519136175
0.8062615101289135,0.9977051061388411,0.0004941828324572309
0.8261510128913444,0.9977051061388411,0.00044357680281879814
0.8261510128913444,0.9978963472939376,0.0004427893094539877
0.8287292817679558,0.9978963472939376,0.00043070769605540294
0.8287292817679558,0.9980875884490342,0.00043044720130120155
0.8379373848987108,0.9980875884490342,0.00040798707653377585
0.8379373848987108,0.9982788296041308,0.0004071713482551639
0.8511970534069981,0.9982788296041308,0.00037286613214481805
0.8511970534069981,0.9984700707592273,0.0003724635384505947
0.8710865561694291,0.9984700707592273,0.00032891711570470273
0.8710865561694291,0.998661311914324,0.0003287587287530601
0.8725598526703499,0.998661311914324,0.0003264310499819867
0.8725598526703499,0.9990437942245172,0.0003210192429654542
0.8751381215469614,0.9990437942245172,0.00031783508221496924
0.8751381215469614,0.9992350353796137,0.0003160686851361721
0.8883977900552487,0.9992350353796137,0.0002936298339107833
0.8883977900552487,0.9994262765347103,0.00029229418393532814
0.9141804788213628,0.9994262765347103,0.00022887527735467926
0.9141804788213628,0.9996175176898069,0.00022857442148632574
0.9303867403314917,0.9996175176898069,0.00019154136226547813
0.9303867403314917,0.9998087588449034,0.00018898496618522572
0.930755064456722,0.9998087588449034,0.00018546223220463975
0.930755064456722,1.0,0.00018512683196259493
1.0,1.0,6.705658627226691e-06
